0,0.0477255,-0.129599,0.041784,-0.129513
0.005,0.0477028,-0.129599,0.0436343,-0.128433
0.01,0.0476796,-0.129599,0.0597213,-0.126947
0.015,0.0476559,-0.129599,0.0672296,-0.12735
0.02,0.0476319,-0.129599,0.0691953,-0.127585
0.025,0.0476074,-0.129599,0.067745,-0.127727
0.03,0.0475824,-0.129599,0.0642675,-0.127905
0.035,0.047557,-0.129599,0.0599274,-0.128137
0.04,0.0475311,-0.129599,0.0555555,-0.128426
0.045,0.0475047,-0.129599,0.051683,-0.128763
0.05,0.0474778,-0.129599,0.0486127,-0.129132
0.055,0.0474504,-0.129599,0.0464844,-0.129513
0.06,0.0474225,-0.129599,0.0453284,-0.12989
0.065,0.0473941,-0.129599,0.0451051,-0.130246
0.07,0.0473652,-0.129599,0.0457306,-0.130569
0.075,0.0473357,-0.129599,0.0470924,-0.130845
0.08,0.0473057,-0.129599,0.0493298,-0.131447
0.085,0.0472751,-0.129599,0.0520287,-0.131236
0.09,0.047244,-0.129599,0.0547496,-0.131303
0.095,0.0472122,-0.129599,0.0575404,-0.131303
0.1,0.0471799,-0.129599,0.0615948,-0.13142
0.105,0.047147,-0.129599,0.0630343,-0.131111
0.11,0.0471135,-0.129599,0.0652465,-0.130954
0.115,0.0470793,-0.129599,0.0671096,-0.130765
0.12,0.0470445,-0.129599,0.068582,-0.130553
0.125,0.0470091,-0.129599,0.0696413,-0.130328
0.13,0.0469729,-0.129599,0.0702813,-0.130098
0.135,0.0469362,-0.129599,0.0705097,-0.129872
0.14,0.0468987,-0.129599,0.0703484,-0.129656
0.145,0.0468605,-0.129599,0.0698315,-0.129458
0.15,0.0468217,-0.129599,0.0690008,-0.129284
0.155,0.0467821,-0.129599,0.067906,-0.129139
0.16,0.0467417,-0.129599,0.0666032,-0.129027
0.165,0.0467007,-0.129599,0.0651506,-0.128949
0.17,0.0466588,-0.129599,0.0636059,-0.128908
0.175,0.0466162,-0.129599,0.0620512,-0.1289
0.18,0.0465728,-0.129599,0.060483,-0.128928
0.185,0.0465285,-0.129599,0.0589334,-0.128986
0.19,0.0464835,-0.129599,0.0575188,-0.129065
0.195,0.0464376,-0.129599,0.0561673,-0.129168
0.2,0.0463908,-0.129599,0.0549561,-0.129282
0.205,0.0463432,-0.129599,0.0538736,-0.129405
0.21,0.0462947,-0.129599,0.05291,-0.129531
0.215,0.0462453,-0.129599,0.0520506,-0.129654
0.22,0.046195,-0.129599,0.0512771,-0.129771
0.225,0.0461437,-0.129599,0.0505692,-0.129878
0.23,0.0460915,-0.129599,0.0499064,-0.129972
0.235,0.0460383,-0.129599,0.0492696,-0.13005
0.24,0.0459841,-0.129599,0.0486657,-0.130111
0.245,0.0459289,-0.129599,0.048008,-0.130156
0.25,0.0458727,-0.129599,0.047348,-0.130183
0.255,0.0458155,-0.129599,0.0466671,-0.130194
0.26,0.0457571,-0.129599,0.0459585,-0.130191
0.265,0.0456977,-0.129599,0.0452193,-0.130174
0.27,0.0456372,-0.129599,0.0444712,-0.130146
0.275,0.0455755,-0.129599,0.0436473,-0.130109
0.28,0.0455127,-0.129599,0.0428094,-0.130065
0.285,0.0454488,-0.129599,0.0419524,-0.130017
0.29,0.0453836,-0.129599,0.0410805,-0.129967
0.295,0.0453172,-0.129599,0.0401994,-0.129918
0.3,0.0452496,-0.129599,0.034912,-0.129917
0.305,0.0451808,-0.129599,0.0380763,-0.129813
0.31,0.0451106,-0.129599,0.0372067,-0.129774
0.315,0.0450392,-0.129599,0.0363821,-0.129742
0.32,0.0449664,-0.129599,0.0355949,-0.129717
0.325,0.0448922,-0.129599,0.0348424,-0.129699
0.33,0.0448167,-0.129599,0.0341221,-0.129688
0.335,0.0447398,-0.129599,0.0334327,-0.129685
0.34,0.0446614,-0.129599,0.0327734,-0.129688
0.345,0.0445816,-0.129599,0.0321441,-0.129697
0.35,0.0445003,-0.129599,0.0295684,-0.129712
0.355,0.0444175,-0.129599,0.0309004,-0.129731
0.36,0.0443331,-0.129599,0.0303664,-0.129751
0.365,0.0442472,-0.129599,0.0298768,-0.129774
0.37,0.0441597,-0.129599,0.0294281,-0.129798
0.375,0.0440705,-0.129599,0.0290196,-0.129823
0.38,0.0439797,-0.129599,0.0286614,-0.129846
0.385,0.0438872,-0.129599,0.0283209,-0.12987
0.39,0.0437929,-0.129599,0.0280254,-0.129891
0.395,0.0436969,-0.129599,0.0237054,-0.129953
0.4,0.0435992,-0.129599,0.0295128,-0.129906
0.405,0.0434996,-0.129599,0.0273437,-0.12994
0.41,0.0433981,-0.129599,0.0272288,-0.129949
0.415,0.0432948,-0.129599,0.0271552,-0.129956
0.42,0.0431895,-0.129599,0.0271236,-0.12996
0.425,0.0430823,-0.129599,0.0271327,-0.129962
0.43,0.0429731,-0.129599,0.0271814,-0.129962
0.435,0.0428618,-0.129599,0.0272689,-0.12996
0.44,0.0427485,-0.129599,0.0273667,-0.129957
0.445,0.042633,-0.129599,0.0275471,-0.12995
0.45,0.0425155,-0.129599,0.0277681,-0.129944
0.455,0.0423957,-0.129599,0.0280145,-0.129938
0.46,0.0422737,-0.129599,0.0282903,-0.129933
0.465,0.0421494,-0.129599,0.0286023,-0.129927
0.47,0.0420228,-0.129599,0.0289291,-0.129923
0.475,0.0418938,-0.129599,0.029287,-0.129918
0.48,0.0417625,-0.129599,0.0296723,-0.129915
0.485,0.0416287,-0.129599,0.0300827,-0.129913
0.49,0.0414924,-0.129599,0.0305158,-0.129911
0.495,0.0413536,-0.129599,0.0309692,-0.129911
0.5,0.0412122,-0.129599,0.0314401,-0.129911
0.505,0.0410681,-0.129599,0.0319256,-0.129913
0.51,0.0409214,-0.129599,0.0324227,-0.129915
0.515,0.0407719,-0.129599,0.0329284,-0.129919
0.52,0.0406197,-0.129599,0.032103,-0.129951
0.525,0.0404646,-0.129599,0.034031,-0.129929
0.53,0.0403067,-0.129599,0.0345595,-0.129932
0.535,0.0401458,-0.129599,0.0350823,-0.129937
0.54,0.0399819,-0.129599,0.0355732,-0.129943
0.545,0.0398149,-0.129599,0.0360921,-0.129947
0.55,0.0396448,-0.129599,0.0363272,-0.129967
0.555,0.0394716,-0.129599,0.0370668,-0.129958
0.56,0.0392952,-0.129599,0.0375804,-0.129959
0.565,0.0391154,-0.129599,0.0380809,-0.129964
0.57,0.0389323,-0.129599,0.0385222,-0.129968
0.575,0.0387458,-0.129599,0.0389631,-0.129971
0.58,0.0385559,-0.129599,0.0393633,-0.129975
0.585,0.0383624,-0.129599,0.0397266,-0.129978
0.59,0.0381653,-0.129599,0.0400543,-0.129981
0.595,0.0379645,-0.129599,0.0403255,-0.129984
0.6,0.03776,-0.129599,0.0406032,-0.129986
0.605,0.0375516,-0.129599,0.0408375,-0.129988
0.61,0.0373394,-0.129599,0.0410595,-0.12999
0.615,0.0371233,-0.129599,0.0411976,-0.129993
0.62,0.0369031,-0.129599,0.0413175,-0.129994
0.625,0.0366788,-0.129599,0.0414092,-0.129996
0.63,0.0364504,-0.129599,0.0414708,-0.129997
0.635,0.0362177,-0.129599,0.0415018,-0.129998
0.64,0.0359806,-0.129599,0.0415013,-0.129999
0.645,0.0357392,-0.129599,0.041675,-0.130016
0.65,0.0354932,-0.129599,0.0413609,-0.130001
0.655,0.0352427,-0.129599,0.0412558,-0.130001
0.66,0.0349875,-0.129599,0.0411251,-0.130001
0.665,0.0347275,-0.129599,0.0409639,-0.130002
0.67,0.0344628,-0.129599,0.0407682,-0.130002
0.675,0.034193,-0.129599,0.0405345,-0.130002
0.68,0.0339183,-0.129599,0.0402604,-0.130002
0.685,0.0336384,-0.129599,0.0399442,-0.130001
0.69,0.0333534,-0.129599,0.0395849,-0.130001
0.695,0.033063,-0.129599,0.0391822,-0.13
0.7,0.0327672,-0.129599,0.0386973,-0.13
0.705,0.0324659,-0.129599,0.0382449,-0.129998
0.71,0.032159,-0.129599,0.0377341,-0.129998
0.715,0.0318464,-0.129599,0.0371752,-0.129998
0.72,0.031528,-0.129599,0.0365736,-0.129997
0.725,0.0312036,-0.129599,0.0359328,-0.129996
0.73,0.0308732,-0.129599,0.0342211,-0.130017
0.735,0.0305367,-0.129599,0.0342932,-0.129994
0.74,0.0301938,-0.129599,0.0335491,-0.129992
0.745,0.0298446,-0.129599,0.0328114,-0.129991
0.75,0.0294889,-0.129599,0.03207,-0.12999
0.755,0.0291266,-0.129599,0.0313176,-0.12999
0.76,0.0287575,-0.129599,0.0305487,-0.12999
0.765,0.0283816,-0.129599,0.0297595,-0.129989
0.77,0.0279986,-0.129599,0.0289474,-0.129989
0.775,0.0276085,-0.129599,0.0281117,-0.129988
0.78,0.0272112,-0.129599,0.027204,-0.129988
0.785,0.0268064,-0.129599,0.0263663,-0.129986
0.79,0.0263942,-0.129599,0.0254885,-0.129986
0.795,0.0259742,-0.129599,0.0246347,-0.129986
0.8,0.0255464,-0.129599,0.0234777,-0.129987
0.805,0.0251107,-0.129599,0.022591,-0.129982
0.81,0.0246668,-0.129599,0.0217836,-0.129982
0.815,0.0242147,-0.129599,0.0208977,-0.129984
0.82,0.0237542,-0.129599,0.0199203,-0.129985
0.825,0.0232851,-0.129599,0.0190163,-0.129984
0.83,0.0228072,-0.129599,0.0180741,-0.129985
0.835,0.0223205,-0.129599,0.0171108,-0.129985
0.84,0.0218247,-0.129599,0.0161384,-0.129985
0.845,0.0213196,-0.129599,0.0151641,-0.129984
0.85,0.0208052,-0.129599,0.0141942,-0.129984
0.855,0.0202812,-0.129599,0.0132336,-0.129985
0.86,0.0197474,-0.129599,0.00753708,-0.129997
0.865,0.0192037,-0.129599,0.0109613,-0.129986
0.87,0.0186498,-0.129599,0.0100705,-0.129983
0.875,0.0180857,-0.129599,0.00924053,-0.129984
0.88,0.017511,-0.129599,0.00845285,-0.129986
0.885,0.0169256,-0.129599,0.00769589,-0.129988
0.89,0.0163294,-0.129599,0.0069577,-0.12999
0.895,0.015722,-0.129599,0.00622891,-0.129991
0.9,0.0151033,-0.129599,0.00550273,-0.129993
0.905,0.0144731,-0.129599,0.00477468,-0.129994
0.91,0.0138312,-0.129599,0.00404226,-0.129995
0.915,0.0131773,-0.129599,0.00330466,-0.129996
0.92,0.0125113,-0.129599,0.00256239,-0.129997
0.925,0.0118328,-0.129599,0.00181697,-0.129998
0.93,0.0111417,-0.129599,0.00107056,-0.13
0.935,0.0104378,-0.129599,0.000325892,-0.130001
0.94,0.00972073,-0.129599,-0.000414126,-0.130002
0.945,0.00899031,-0.129599,-0.00114652,-0.130003
0.95,0.0082463,-0.129599,-0.00186824,-0.130005
0.955,0.00748843,-0.129599,-0.00257662,-0.130006
0.96,0.00671645,-0.129599,-0.00326951,-0.130008
0.965,0.00593009,-0.129599,-0.00394522,-0.13001
0.97,0.00512909,-0.129599,-0.00452299,-0.130013
0.975,0.00431318,-0.129599,-0.0051568,-0.130017
0.98,0.00348208,-0.129599,-0.00588919,-0.130019
0.985,0.0026355,-0.129599,-0.00645924,-0.130021
0.99,0.00177316,-0.129599,-0.00706442,-0.130024
0.995,0.000894756,-0.129599,-0.00767285,-0.130027
1,-1.52656e-16,-0.129599,-0.00836427,-0.130028
1.005,2.52435e-29,-0.129599,-0.00887227,-0.13003
1.01,-4.12542e-42,-0.129599,-0.00952678,-0.130033
1.015,6.93314e-55,-0.129599,-0.010047,-0.130035
1.02,-1.15913e-67,-0.129599,-0.0106406,-0.130037
1.025,1.8976e-80,-0.129599,-0.0276666,-0.130075
1.03,-3.11612e-93,-0.129599,-0.00944244,-0.130024
1.035,5.17768e-106,-0.129599,-0.013136,-0.130026
1.04,-8.67461e-119,-0.129599,-0.0134151,-0.130026
1.045,1.47928e-131,-0.129599,-0.0135739,-0.130028
1.05,-2.4025e-144,-0.129599,-0.016784,-0.130037
1.055,4.00594e-157,-0.129599,-0.0137214,-0.130032
1.06,-6.62434e-170,-0.129599,-0.0136173,-0.130033
1.065,1.08258e-182,-0.129599,-0.0135856,-0.130034
1.07,-1.81937e-195,-0.129599,-0.0134839,-0.130034
1.075,3.04175e-208,-0.129599,-0.0189185,-0.130047
1.08,-4.97961e-221,-0.129599,-0.0133179,-0.130034
1.085,8.17724e-234,-0.129599,-0.0131441,-0.130032
1.09,-1.35871e-246,-0.129599,-0.0129622,-0.130032
1.095,2.27636e-259,-0.129599,-0.01278,-0.130033
1.1,-3.88189e-272,-0.129599,-0.0126058,-0.130033
1.105,6.30457e-285,-0.129599,-0.0124454,-0.130034
1.11,-1.05123e-297,-0.129599,-0.0123576,-0.130033
1.115,1.73834e-310,-0.129599,-0.0122324,-0.130033
1.12,-2.96439e-323,-0.129599,-0.0120448,-0.130033
1.125,0,-0.129599,-0.0119608,-0.130034
1.13,0,-0.129599,-0.0118525,-0.130034
1.135,0,-0.129599,-0.011736,-0.130034
1.14,0,-0.129599,-0.0115663,-0.130035
1.145,0,-0.129599,-0.0114382,-0.130037
1.15,0,-0.129599,-0.0113238,-0.130038
1.155,0,-0.129599,-0.0112098,-0.130039
1.16,0,-0.129599,-0.011087,-0.13004
1.165,0,-0.129599,-0.0109487,-0.130041
1.17,0,-0.129599,-0.0107899,-0.130043
1.175,0,-0.129599,-0.0106483,-0.130044
1.18,0,-0.129599,-0.0104413,-0.130045
1.185,0,-0.129599,-0.0101908,-0.130047
1.19,0,-0.129599,-0.00986918,-0.130049
1.195,0,-0.129599,-0.00955868,-0.130051
1.2,0,-0.129599,-0.00924525,-0.130053
1.205,0,-0.129599,-0.00892564,-0.130055
1.21,0,-0.129599,-0.00863492,-0.130056
1.215,0,-0.129599,-0.00826998,-0.130057
1.22,0,-0.129599,-0.00791912,-0.130058
1.225,0,-0.129599,-0.00760742,-0.130059
1.23,0,-0.129599,-0.00723507,-0.13006
1.235,0,-0.129599,-0.0068851,-0.130061
1.24,0,-0.129599,-0.00654883,-0.130062
1.245,0,-0.129599,-0.00625568,-0.130062
1.25,0,-0.129599,-0.00594363,-0.130063
1.255,0,-0.129599,-0.00562924,-0.130063
1.26,0,-0.129599,-0.00531928,-0.130063
1.265,0,-0.129599,-0.00501784,-0.130064
1.27,0,-0.129599,-0.00469843,-0.130065
1.275,0,-0.129599,-0.00442065,-0.130066
1.28,0,-0.129599,-0.00419902,-0.130066
1.285,0,-0.129599,-0.00397055,-0.130066
1.29,0,-0.129599,-0.0047104,-0.130077
1.295,0,-0.129599,-0.00356647,-0.130066
1.3,0,-0.129599,-0.00333904,-0.130066
1.305,0,-0.129599,-0.00308311,-0.130067
1.31,0,-0.129599,-0.00288757,-0.130068
1.315,0,-0.129599,-0.00268966,-0.130068
1.32,0,-0.129599,-0.00250087,-0.130069
1.325,0,-0.129599,-0.00232609,-0.13007
1.33,0,-0.129599,-0.00216765,-0.13007
1.335,0,-0.129599,-0.00202676,-0.130071
1.34,0,-0.129599,-0.00190392,-0.130071
1.345,0,-0.129599,-0.00179906,-0.130072
1.35,0,-0.129599,-0.0017118,-0.130072
1.355,0,-0.129599,-0.0016414,-0.130072
1.36,0,-0.129599,-0.00158706,-0.130073
1.365,0,-0.129599,-0.00154786,-0.130073
1.37,0,-0.129599,-0.00152285,-0.130073
1.375,0,-0.129599,-0.00151116,-0.130073
1.38,0,-0.129599,-0.001512,-0.130073
1.385,0,-0.129599,-0.00152464,-0.130072
1.39,0,-0.129599,-0.00154851,-0.130072
1.395,0,-0.129599,-0.00158311,-0.130072
1.4,0,-0.129599,-0.001628,-0.130071
1.405,0,-0.129599,-0.00168286,-0.130071
1.41,0,-0.129599,-0.00174755,-0.130071
1.415,0,-0.129599,-0.00182186,-0.13007
1.42,0,-0.129599,-0.00190558,-0.13007
1.425,0,-0.129599,-0.00199857,-0.130069
1.43,0,-0.129599,-0.00210069,-0.130069
1.435,0,-0.129599,-0.00221176,-0.130068
1.44,0,-0.129599,-0.00233157,-0.130067
1.445,0,-0.129599,-0.00245983,-0.130067
1.45,0,-0.129599,-0.00259616,-0.130066
1.455,0,-0.129599,-0.0027402,-0.130066
1.46,0,-0.129599,-0.00289147,-0.130065
1.465,0,-0.129599,-0.00304955,-0.130065
1.47,0,-0.129599,-0.00321391,-0.130065
1.475,0,-0.129599,-0.00338352,-0.130064
1.48,0,-0.129599,-0.00355737,-0.130064
1.485,0,-0.129599,-0.00374982,-0.130063
1.49,0,-0.129599,-0.00391713,-0.130063
1.495,0,-0.129599,-0.00409173,-0.130063
1.5,0,-0.129599,-0.00427145,-0.130063
1.505,0,-0.129599,-0.00449046,-0.130063
1.51,0,-0.129599,-0.00464661,-0.130062
1.515,0,-0.129599,-0.00480749,-0.130063
1.52,0,-0.129599,-0.00497872,-0.130063
1.525,0,-0.129599,-0.00515372,-0.130063
1.53,0,-0.129599,-0.00532957,-0.130063
1.535,0,-0.129599,-0.00550408,-0.130063
1.54,0,-0.129599,-0.00567539,-0.130063
1.545,0,-0.129599,-0.00584188,-0.130063
1.55,0,-0.129599,-0.00600228,-0.130064
1.555,0,-0.129599,-0.00615552,-0.130064
1.56,0,-0.129599,-0.00630073,-0.130064
1.565,0,-0.129599,-0.0064372,-0.130065
1.57,0,-0.129599,-0.00656439,-0.130065
1.575,0,-0.129599,-0.0066819,-0.130065
1.58,0,-0.129599,-0.00678945,-0.130066
1.585,0,-0.129599,-0.00688682,-0.130066
1.59,0,-0.129599,-0.00697387,-0.130067
1.595,0,-0.129599,-0.00705055,-0.130067
1.6,0,-0.129599,-0.00711682,-0.130068
1.605,0,-0.129599,-0.00718636,-0.130069
1.61,0,-0.129599,-0.0072228,-0.130069
1.615,0,-0.129599,-0.00724847,-0.13007
1.62,0,-0.129599,-0.00726902,-0.130071
1.625,0,-0.129599,-0.00728218,-0.130071
1.63,0,-0.129599,-0.0072871,-0.130072
1.635,0,-0.129599,-0.00728329,-0.130073
1.64,0,-0.129599,-0.00727035,-0.130073
1.645,0,-0.129599,-0.00724795,-0.130074
1.65,0,-0.129599,-0.00721588,-0.130075
1.655,0,-0.129599,-0.00717358,-0.130075
1.66,0,-0.129599,-0.00712218,-0.130076
1.665,0,-0.129599,-0.00706085,-0.130077
1.67,0,-0.129599,-0.00698823,-0.130078
1.675,0,-0.129599,-0.00690872,-0.130078
1.68,0,-0.129599,-0.00681948,-0.130079
1.685,0,-0.129599,-0.00672069,-0.13008
1.69,0,-0.129599,-0.00661169,-0.130081
1.695,0,-0.129599,-0.00649654,-0.130081
1.7,0,-0.129599,-0.00637435,-0.130082
1.705,0,-0.129599,-0.00624098,-0.130083
1.71,0,-0.129599,-0.00610332,-0.130084
1.715,0,-0.129599,-0.00595546,-0.130085
1.72,0,-0.129599,-0.00579871,-0.130085
1.725,0,-0.129599,-0.0056467,-0.130086
1.73,0,-0.129599,-0.00548435,-0.130087
1.735,0,-0.129599,-0.00531786,-0.130087
1.74,0,-0.129599,-0.00514758,-0.130088
1.745,0,-0.129599,-0.00497403,-0.130089
1.75,0,-0.129599,-0.00479778,-0.130089
1.755,0,-0.129599,-0.00461942,-0.13009
1.76,0,-0.129599,-0.00443948,-0.13009
1.765,0,-0.129599,-0.00425857,-0.130091
1.77,0,-0.129599,-0.00407724,-0.130091
1.775,0,-0.129599,-0.00389605,-0.130092
1.78,0,-0.129599,-0.0037178,-0.130092
1.785,0,-0.129599,-0.00353623,-0.130093
1.79,0,-0.129599,-0.00335758,-0.130093
1.795,0,-0.129599,-0.0031816,-0.130094
1.8,0,-0.129599,-0.00300854,-0.130094
1.805,0,-0.129599,-0.00283876,-0.130095
1.81,0,-0.129599,-0.00267259,-0.130095
1.815,0,-0.129599,-0.00251213,-0.130095
1.82,0,-0.129599,-0.00235435,-0.130095
1.825,0,-0.129599,-0.00220057,-0.130096
1.83,0,-0.129599,-0.00205153,-0.130096
1.835,0,-0.129599,-0.00190664,-0.130096
1.84,0,-0.129599,-0.00176982,-0.130097
1.845,0,-0.129599,-0.00163773,-0.130097
1.85,0,-0.129599,-0.00151291,-0.130097
1.855,0,-0.129599,-0.00139518,-0.130097
1.86,0,-0.129599,-0.00128461,-0.130097
1.865,0,-0.129599,-0.0011813,-0.130098
1.87,0,-0.129599,-0.00108542,-0.130098
1.875,0,-0.129599,-0.000997058,-0.130098
1.88,0,-0.129599,-0.00091628,-0.130098
1.885,0,-0.129599,-0.000544694,-0.1301
1.89,0,-0.129599,-0.000770974,-0.130098
1.895,0,-0.129599,-0.000712726,-0.130097
1.9,0,-0.129599,-0.000664619,-0.130097
1.905,0,-0.129599,-0.000325992,-0.130099
1.91,0,-0.129599,-0.000591176,-0.130097
1.915,0,-0.129599,-0.000567194,-0.130097
1.92,0,-0.129599,-0.000551624,-0.130096
1.925,0,-0.129599,-0.000545305,-0.130096
1.93,0,-0.129599,-0.000548421,-0.130096
1.935,0,-0.129599,-0.000558567,-0.130096
1.94,0,-0.129599,-0.000575879,-0.130095
1.945,0,-0.129599,-0.00060028,-0.130095
1.95,0,-0.129599,-0.000631653,-0.130095
1.955,0,-0.129599,-0.000669801,-0.130094
1.96,0,-0.129599,-0.000713301,-0.130094
1.965,0,-0.129599,-0.000765531,-0.130094
1.97,0,-0.129599,-0.0008232,-0.130093
1.975,0,-0.129599,-0.000886404,-0.130093
1.98,0,-0.129599,-0.000954986,-0.130093
1.985,0,-0.129599,-0.00102871,-0.130092
1.99,0,-0.129599,-0.00110725,-0.130092
1.995,0,-0.129599,-0.00119028,-0.130092
2,0,-0.129599,-0.00127745,-0.130091
2.005,0,-0.129599,-0.00136839,-0.130091
2.01,0,-0.129599,-0.00146277,-0.130091
2.015,0,-0.129599,-0.00156014,-0.130091
2.02,0,-0.129599,-0.00166009,-0.13009
2.025,0,-0.129599,-0.00176219,-0.13009
2.03,0,-0.129599,-0.00186601,-0.13009
2.035,0,-0.129599,-0.0019711,-0.13009
2.04,0,-0.129599,-0.00207708,-0.13009
2.045,0,-0.129599,-0.0021835,-0.13009
2.05,0,-0.129599,-0.0022899,-0.13009
2.055,0,-0.129599,-0.00239586,-0.13009
2.06,0,-0.129599,-0.00250096,-0.13009
2.065,0,-0.129599,-0.00260481,-0.13009
2.07,0,-0.129599,-0.00270701,-0.13009
2.075,0,-0.129599,-0.00280717,-0.13009
2.08,0,-0.129599,-0.00290593,-0.13009
2.085,0,-0.129599,-0.00299993,-0.13009
2.09,0,-0.129599,-0.00309271,-0.13009
2.095,0,-0.129599,-0.00317962,-0.13009
2.1,0,-0.129599,-0.00326362,-0.13009
2.105,0,-0.129599,-0.00334396,-0.13009
2.11,0,-0.129599,-0.00342023,-0.13009
2.115,0,-0.129599,-0.00360232,-0.130091
2.12,0,-0.129599,-0.00356432,-0.130091
2.125,0,-0.129599,-0.00362603,-0.130091
2.13,0,-0.129599,-0.00368576,-0.130091
2.135,0,-0.129599,-0.0037351,-0.130091
2.14,0,-0.129599,-0.0037804,-0.130091
2.145,0,-0.129599,-0.00382057,-0.130092
2.15,0,-0.129599,-0.00385512,-0.130092
2.155,0,-0.129599,-0.00388719,-0.130092
2.16,0,-0.129599,-0.00390992,-0.130092
2.165,0,-0.129599,-0.00392103,-0.130093
2.17,0,-0.129599,-0.00392847,-0.130093
2.175,0,-0.129599,-0.00393082,-0.130093
2.18,0,-0.129599,-0.00392761,-0.130094
2.185,0,-0.129599,-0.00391858,-0.130094
2.19,0,-0.129599,-0.00390362,-0.130094
2.195,0,-0.129599,-0.00388268,-0.130095
2.2,0,-0.129599,-0.00385575,-0.130095
2.205,0,-0.129599,-0.00382286,-0.130096
2.21,0,-0.129599,-0.00378415,-0.130096
2.215,0,-0.129599,-0.00373973,-0.130097
2.22,0,-0.129599,-0.00368975,-0.130097
2.225,0,-0.129599,-0.00363439,-0.130097
2.23,0,-0.129599,-0.00357889,-0.130098
2.235,0,-0.129599,-0.00362001,-0.130101
2.24,0,-0.129599,-0.00340992,-0.130099
2.245,0,-0.129599,-0.00333234,-0.1301
2.25,0,-0.129599,-0.00325494,-0.1301
2.255,0,-0.129599,-0.00317621,-0.1301
2.26,0,-0.129599,-0.00310029,-0.1301
2.265,0,-0.129599,-0.00301164,-0.130101
2.27,0,-0.129599,-0.00292231,-0.130101
2.275,0,-0.129599,-0.00283067,-0.130101
2.28,0,-0.129599,-0.00273624,-0.130102
2.285,0,-0.129599,-0.00263898,-0.130102
2.29,0,-0.129599,-0.00253905,-0.130102
2.295,0,-0.129599,-0.00244151,-0.130103
2.3,0,-0.129599,-0.00218,-0.130106
2.305,0,-0.129599,-0.00219004,-0.130104
2.31,0,-0.129599,-0.00207962,-0.130104
2.315,0,-0.129599,-0.00197367,-0.130104
2.32,0,-0.129599,-0.00187029,-0.130104
2.325,0,-0.129599,-0.0017571,-0.130105
2.33,0,-0.129599,-0.00166489,-0.130105
2.335,0,-0.129599,-0.00157182,-0.130105
2.34,0,-0.129599,-0.00147986,-0.130105
2.345,0,-0.129599,-0.00138287,-0.130105
2.35,0,-0.129599,-0.00128379,-0.130105
2.355,0,-0.129599,-0.00118052,-0.130105
2.36,0,-0.129599,-0.0010817,-0.130106
2.365,0,-0.129599,-0.00098634,-0.130106
2.37,0,-0.129599,-0.000894342,-0.130106
2.375,0,-0.129599,-0.000805878,-0.130106
2.38,0,-0.129599,-0.000721151,-0.130107
2.385,0,-0.129599,-0.000640336,-0.130107
2.39,0,-0.129599,-0.000563671,-0.130107
2.395,0,-0.129599,-0.000491304,-0.130107
2.4,0,-0.129599,-0.000423395,-0.130107
2.405,0,-0.129599,-0.000360109,-0.130107
2.41,0,-0.129599,-0.000301529,-0.130107
2.415,0,-0.129599,-0.000250015,-0.130107
2.42,0,-0.129599,-0.000198892,-0.130107
2.425,0,-0.129599,-0.000153776,-0.130107
2.43,0,-0.129599,-0.000114043,-0.130107
2.435,0,-0.129599,-7.94749e-05,-0.130107
2.44,0,-0.129599,-4.99102e-05,-0.130107
2.445,0,-0.129599,-2.5254e-05,-0.130106
2.45,0,-0.129599,-5.42805e-06,-0.130106
2.455,0,-0.129599,8.17897e-06,-0.130106
2.46,0,-0.129599,1.85986e-05,-0.130106
2.465,0,-0.129599,2.51134e-05,-0.130106
2.47,0,-0.129599,2.87326e-05,-0.130106
2.475,0,-0.129599,2.68352e-05,-0.130105
2.48,0,-0.129599,2.0066e-05,-0.130105
2.485,0,-0.129599,7.66945e-06,-0.130105
2.49,0,-0.129599,-7.99012e-06,-0.130105
2.495,0,-0.129599,-2.72711e-05,-0.130105
2.5,0,-0.129599,-4.93978e-05,-0.130104
2.505,0,-0.129599,-7.70801e-05,-0.130104
2.51,0,-0.129352,-0.000106959,-0.130104
2.515,0,-0.129102,-0.000140259,-0.130102
2.52,0,-0.128846,-0.000175317,-0.130099
2.525,0,-0.128586,-0.000211581,-0.13009
2.53,0,-0.128321,-0.000249498,-0.130071
2.535,0,-0.128051,-0.000289769,-0.130035
2.54,0,-0.127776,-0.000333117,-0.129979
2.545,0,-0.127496,-0.000380109,-0.129899
2.55,0,-0.127211,-0.000429532,-0.129796
2.555,0,-0.12692,-0.000484759,-0.129657
2.56,0,-0.126624,-0.000545709,-0.129485
2.565,0,-0.126323,-0.000607602,-0.129293
2.57,0,-0.126016,-0.000672153,-0.129077
2.575,0,-0.125703,-0.000738463,-0.128837
2.58,0,-0.125384,-0.000805781,-0.128577
2.585,0,-0.12506,-0.00087344,-0.128299
2.59,0,-0.124729,-0.000940768,-0.128006
2.595,0,-0.124392,-0.00100711,-0.127702
2.6,0,-0.124049,-0.00107184,-0.12739
2.605,0,-0.123699,-0.00113451,-0.127071
2.61,0,-0.123343,-0.00119471,-0.126749
2.615,0,-0.122981,-0.00125216,-0.126426
2.62,0,-0.122611,-0.00130669,-0.126104
2.625,0,-0.122235,-0.00135826,-0.125782
2.63,0,-0.121852,-0.00140696,-0.125463
2.635,0,-0.121462,-0.00145287,-0.125145
2.64,0,-0.121064,-0.00149619,-0.12483
2.645,0,-0.120659,-0.00153709,-0.124515
2.65,0,-0.120246,-0.00157578,-0.124201
2.655,0,-0.119826,-0.00161246,-0.123885
2.66,0,-0.119398,-0.00164726,-0.123567
2.665,0,-0.118962,-0.00168029,-0.123245
2.67,0,-0.118518,-0.00171166,-0.122917
2.675,0,-0.118065,-0.00174134,-0.122581
2.68,0,-0.117604,-0.00176932,-0.122238
2.685,0,-0.117135,-0.0017955,-0.121884
2.69,0,-0.116657,-0.00181972,-0.121519
2.695,0,-0.116169,-0.00184175,-0.121141
2.7,0,-0.115673,-0.00186135,-0.120751
2.705,0,-0.115168,-0.00187831,-0.120348
2.71,0,-0.114653,-0.00189237,-0.11993
2.715,0,-0.114129,-0.00192894,-0.119454
2.72,0,-0.113594,-0.00189909,-0.119108
2.725,0,-0.11305,-0.00191038,-0.118636
2.73,0,-0.112496,-0.00190944,-0.118162
2.735,0,-0.111931,-0.00190559,-0.117673
2.74,0,-0.111356,-0.00188823,-0.117185
2.745,0,-0.11077,-0.00187856,-0.11665
2.75,0,-0.110174,-0.00187699,-0.116082
2.755,0,-0.109566,-0.0018477,-0.115554
2.76,0,-0.108947,-0.00183792,-0.11497
2.765,0,-0.108316,-0.0017978,-0.114429
2.77,0,-0.107674,-0.00177886,-0.113831
2.775,0,-0.107019,-0.00172846,-0.113281
2.78,0,-0.106353,-0.00168785,-0.11269
2.785,0,-0.105674,-0.00165969,-0.112068
2.79,0,-0.104982,-0.00161362,-0.111482
2.795,0,-0.104278,-0.0015633,-0.110895
2.8,0,-0.10356,-0.00150924,-0.110302
2.805,0,-0.102829,-0.00145243,-0.109703
2.81,0,-0.102084,-0.00139406,-0.109094
2.815,0,-0.101326,-0.00133506,-0.108474
2.82,0,-0.100553,-0.00127604,-0.10784
2.825,0,-0.0997663,-0.00119667,-0.107217
2.83,0,-0.0989647,-0.00113882,-0.106526
2.835,0,-0.0981481,-0.00110764,-0.105788
2.84,0,-0.0973164,-0.00105692,-0.105087
2.845,0,-0.0964691,-0.00100342,-0.104378
2.85,0,-0.0956061,-0.000922189,-0.103686
2.855,0,-0.094727,-0.000863925,-0.102925
2.86,0,-0.0938316,-0.000836801,-0.102114
2.865,0,-0.0929195,-0.000786182,-0.101346
2.87,0,-0.0919904,-0.000731456,-0.100573
2.875,0,-0.091044,-0.000673441,-0.0997897
2.88,0,-0.0900799,-0.00061361,-0.0989939
2.885,0,-0.0890979,-0.0005212,-0.0982154
2.89,0,-0.0880977,-0.000494391,-0.0973209
2.895,0,-0.0870788,-0.000444013,-0.0964688
2.9,0,-0.0860409,-0.000392244,-0.0956064
2.905,0,-0.0849837,-0.000339547,-0.0947295
2.91,0,-0.0839069,-0.00028655,-0.0938373
2.915,0,-0.0828099,-0.000234371,-0.0929284
2.92,0,-0.0816926,-0.000184004,-0.0920015
2.925,0,-0.0805544,-0.000136135,-0.0910556
2.93,0,-0.0793951,-9.11598e-05,-0.0900901
2.935,0,-0.0782141,-4.93039e-05,-0.0891045
2.94,0,-0.0770112,-1.05997e-05,-0.0880984
2.945,0,-0.0757859,7.38797e-05,-0.0871125
2.95,0,-0.0745378,5.86538e-05,-0.0859775
2.955,0,-0.0732664,2.35581e-05,-0.0848519
2.96,0,-0.0719713,8.79402e-05,-0.0838516
2.965,0,-0.0706522,0.000123854,-0.0827593
2.97,0,-0.0693085,0.000153601,-0.0816382
2.975,0,-0.0679397,0.000177123,-0.0804933
2.98,0,-0.0665455,0.000194224,-0.0793239
2.985,0,-0.0651253,0.000206008,-0.0781298
2.99,0,-0.0636786,0.000214081,-0.0769119
2.995,0,-0.0622051,0.000285966,-0.0757194
3,0,-0.0607041,0.000221346,-0.0743467
3.005,0,-0.0591751,0.000241392,-0.0737241
3.01,0,-0.0576177,0.000175735,-0.0717299
3.015,0,-0.0560312,0.000148431,-0.0704045
3.02,0,-0.0544153,0.000172627,-0.0690748
3.025,0,-0.0527692,0.000292115,-0.0677599
3.03,0,-0.0510925,0.000445425,-0.0664721
3.035,0,-0.0493846,0.000551267,-0.0652118
3.04,0,-0.0476448,0.000434228,-0.0639045
3.045,0,-0.0458727,0.000358649,-0.0627724
3.05,0,-0.0440676,7.46744e-05,-0.0615206
3.055,0,-0.0422289,-0.000369587,-0.060218
3.06,0,-0.0403559,-0.00092859,-0.0588595
3.065,0,-0.038448,-0.00154813,-0.0574372
3.07,0,-0.0365047,-0.00217277,-0.055946
3.075,0,-0.0345251,-0.00275328,-0.0543829
3.08,0,-0.0325087,-0.00325116,-0.0527465
3.085,0,-0.0304547,-0.00364039,-0.0510367
3.09,0,-0.0283625,-0.0037714,-0.0493234
3.095,0,-0.0262314,-0.0040354,-0.0473202
3.1,0,-0.0240605,-0.00412246,-0.0453826
3.105,0,-0.0218493,-0.00395056,-0.0434725
3.11,0,-0.0195968,-0.00382816,-0.0413619
3.115,0,-0.0173025,-0.0037248,-0.0391916
3.12,0,-0.0149654,-0.00383525,-0.0369086
3.125,0,-0.0125847,-0.00366455,-0.034844
3.13,0,-0.0101598,-0.00364173,-0.0326262
3.135,0,-0.00768969,-0.00391789,-0.0303117
3.14,0,-0.0051736,-0.00393017,-0.0282428
3.145,0,-0.00261066,-0.00434929,-0.0259405
3.15,0,2.77556e-16,-0.00512655,-0.0170389
3.155,0,-2.8399e-29,-0.00563292,-0.0212702
3.16,4.50044e-05,-5.75022e-05,-0.00412433,-0.0211042
3.165,9.08467e-05,-0.000116075,-0.00257938,-0.0203416
3.17,0.000137543,-0.000175739,-0.00253195,-0.0186339
3.175,0.000185108,-0.000236513,-0.00310359,-0.0169131
3.18,0.000233559,-0.000298419,-0.00429337,-0.0151002
3.185,0.000282912,-0.000361478,-0.00596596,-0.0132316
3.19,0.000333185,-0.000425711,-0.00804746,-0.0113978
3.195,0.000384393,-0.00049114,-0.0102869,-0.00951087
3.2,0.000436555,-0.000557787,-0.0120664,-0.0077172
3.205,0.000489688,-0.000625675,-0.0133608,-0.00609497
3.21,0.00054381,-0.000694827,-0.0140312,-0.00461915
3.215,0.00059894,-0.000765267,-0.0143184,-0.00334494
3.22,0.000655097,-0.000837018,-0.0140563,-0.0021737
3.225,0.000712299,-0.000910106,-0.0132798,-0.00114809
3.23,0.000770567,-0.000984554,-0.0121145,-0.000275095
3.235,0.000829919,-0.00106039,-0.0107175,0.000451612
3.24,0.000890376,-0.00113764,-0.00923075,0.00103662
3.245,0.00095196,-0.00121632,-0.00761974,0.00135657
3.25,0.00101469,-0.00129647,-0.00624544,0.00179624
3.255,0.00107859,-0.00137811,-0.0050839,0.00250716
3.26,0.00114368,-0.00146128,-0.00395328,0.00266781
3.265,0.00120997,-0.00154599,-0.00330146,0.0026332
3.27,0.00127751,-0.00163228,-0.00253994,0.0021711
3.275,0.0013463,-0.00172017,-0.00203935,0.00178238
3.28,0.00141637,-0.0018097,-0.0017278,0.00139051
3.285,0.00148775,-0.0019009,-0.00157397,0.00102273
3.29,0.00156046,-0.0019938,-0.00154076,0.000699731
3.295,0.00163452,-0.00208843,-0.00158685,0.000430987
3.3,0.00170996,-0.00218481,-0.00167451,0.000220805
3.305,0.0017868,-0.002283,-0.00177358,7.1146e-05
3.31,0.00186507,-0.00238301,-0.00187647,-1.6096e-05
3.315,0.00194481,-0.00248488,-0.00195641,-4.3187e-05
3.32,0.00202602,-0.00258865,-0.00198636,-1.31586e-05
3.325,0.00210875,-0.00269436,-0.00197326,7.21635e-05
3.33,0.00219302,-0.00280203,-0.00191956,0.000208704
3.335,0.00227886,-0.0029117,-0.00182856,0.000391487
3.34,0.0023663,-0.00302342,-0.0017044,0.000614872
3.345,0.00245536,-0.00313722,-0.00155177,0.000872822
3.35,0.00254608,-0.00325314,-0.00137551,0.00115912
3.355,0.0026385,-0.00337121,-0.00118022,0.00146759
3.36,0.00273263,-0.00349149,-0.00097648,0.00179283
3.365,0.00282852,-0.003614,-0.000568119,0.00205951
3.37,0.00292619,-0.0037388,-0.000204909,0.00711354
3.375,0.00302568,-0.00386591,-0.000478062,0.00297416
3.38,0.00312702,-0.0039954,-0.000157003,0.00318927
3.385,0.00323025,-0.0041273,-6.84062e-05,0.00355257
3.39,0.0033354,-0.00426165,0.000182114,0.00378223
3.395,0.00344251,-0.0043985,0.000488532,0.00399741
3.4,0.00355162,-0.00453791,0.000824937,0.00420978
3.405,0.00366275,-0.0046799,0.00116009,0.00442486
3.41,0.00377596,-0.00482455,0.00149926,0.00464314
3.415,0.00389127,-0.00497188,0.00184596,0.00486589
3.42,0.00400873,-0.00512196,0.00217655,0.00509502
3.425,0.00412838,-0.00527483,0.00249173,0.00532973
3.43,0.00425025,-0.00543055,0.00279414,0.00556941
3.435,0.00437439,-0.00558917,0.00308576,0.00581302
3.44,0.00450085,-0.00575075,0.00354551,0.00600641
3.445,0.00462966,-0.00591533,0.00368784,0.0063522
3.45,0.00476087,-0.00608297,0.00390795,0.00661412
3.455,0.00489452,-0.00625374,0.00414579,0.00687112
3.46,0.00503066,-0.00642769,0.00439862,0.00712785
3.465,0.00516934,-0.00660487,0.00466533,0.00738527
3.47,0.0053106,-0.00678536,0.00494396,0.00764455
3.475,0.00545448,-0.0069692,0.00523277,0.00790658
3.48,0.00560105,-0.00715647,0.00553155,0.00817159
3.485,0.00575035,-0.00734723,0.00583954,0.00843921
3.49,0.00590242,-0.00754154,0.00615586,0.00870928
3.495,0.00605733,-0.00773946,0.00647963,0.008981
3.5,0.00621512,-0.00794107,0.00680973,0.00925342
3.505,0.00637585,-0.00814644,0.00714463,0.00952573
3.51,0.00653957,-0.00835563,0.00748227,0.00979746
3.515,0.00670635,-0.00856871,0.00799079,0.0100255
3.52,0.00687622,-0.00878576,0.00762193,0.0105401
3.525,0.00704926,-0.00900686,0.00839255,0.0105128
3.53,0.00722552,-0.00923207,0.00879914,0.0107939
3.535,0.00740507,-0.00946147,0.00934135,0.0110143
3.54,0.00758796,-0.00969514,0.00954629,0.0113356
3.545,0.00777425,-0.00993317,0.0099758,0.0115571
3.55,0.00796401,-0.0101756,0.0102638,0.0118282
3.555,0.0081573,-0.0104226,0.0103195,0.0121281
3.56,0.0083542,-0.0106742,0.0104752,0.0123536
3.565,0.00855476,-0.0109304,0.0106561,0.0125572
3.57,0.00875905,-0.0111915,0.010849,0.0127449
3.575,0.00896715,-0.0114573,0.0112173,0.0128873
3.58,0.00917912,-0.0117282,0.0114441,0.0130714
3.585,0.00939504,-0.0120041,0.0136787,0.0190494
3.59,0.00961498,-0.0122851,0.0112497,0.0135168
3.595,0.00983902,-0.0125713,0.0112701,0.0135868
3.6,0.0100672,-0.0128629,0.0116118,0.0136003
3.605,0.0102997,-0.0131599,0.0127209,0.0163568
3.61,0.0105365,-0.0134625,0.0118262,0.0136546
3.615,0.0107777,-0.0137706,0.0120464,0.013613
3.62,0.0110233,-0.0140845,0.0123091,0.013562
3.625,0.0112736,-0.0144043,0.0125729,0.0134945
3.63,0.0115285,-0.01473,0.0128032,0.0134239
3.635,0.0117882,-0.0150618,0.0129863,0.0133508
3.64,0.0120527,-0.0153997,0.0131169,0.0132741
3.645,0.0123221,-0.015744,0.0131957,0.0131925
3.65,0.0125966,-0.0160946,0.0132271,0.0131043
3.655,0.0128761,-0.0164518,0.013219,0.0130078
3.66,0.0131609,-0.0168157,0.0131786,0.0129017
3.665,0.0134509,-0.0171863,0.0132763,0.01277
3.67,0.0137464,-0.0175638,0.0130353,0.0126673
3.675,0.0140474,-0.0179483,0.0129072,0.0125286
3.68,0.0143539,-0.01834,0.0128032,0.0123704
3.685,0.0146662,-0.018739,0.0127096,0.0121958
3.69,0.0149843,-0.0191454,0.0126261,0.0120047
3.695,0.0153083,-0.0195594,0.012554,0.0117965
3.7,0.0156383,-0.0199811,0.0124947,0.0115708
3.705,0.0159745,-0.0204107,0.0124493,0.0113272
3.71,0.016317,-0.0208482,0.0124188,0.0110656
3.715,0.0166658,-0.0212939,0.0124044,0.0107863
3.72,0.0170211,-0.0217479,0.0124068,0.0104896
3.725,0.0173831,-0.0222104,0.0124263,0.0101759
3.73,0.0177517,-0.0226814,0.0124627,0.00984568
3.735,0.0181273,-0.0231613,0.0125153,0.00949902
3.74,0.0185098,-0.02365,0.0127066,0.00913533
3.745,0.0188995,-0.0241479,0.012644,0.00876241
3.75,0.0192964,-0.024655,0.0127248,0.00837456
3.755,0.0197007,-0.0251716,0.0128419,0.00796887
3.76,0.0201125,-0.0256978,0.012976,0.00754911
3.765,0.020532,-0.0262338,0.013123,0.00711631
3.77,0.0209593,-0.0267798,0.0132812,0.00667087
3.775,0.0213946,-0.0273359,0.0134497,0.00621305
3.78,0.021838,-0.0279024,0.0136278,0.00574302
3.785,0.0222896,-0.0284795,0.0138151,0.0052609
3.79,0.0227496,-0.0290673,0.0140112,0.00476678
3.795,0.0232183,-0.029666,0.0162396,0.00563729
3.8,0.0236956,-0.0302759,0.0143127,0.0035495
3.805,0.0241818,-0.0308971,0.014642,0.00302577
3.81,0.0246771,-0.0315299,0.0149518,0.00248516
3.815,0.0251816,-0.0321745,0.0152995,0.00193233
3.82,0.0256954,-0.0328311,0.0154639,0.00133566
3.825,0.0262189,-0.0334999,0.0157122,0.000746624
3.83,0.0267521,-0.0341812,0.0184253,2.71793e-05
3.835,0.0272952,-0.0348752,0.0161802,-0.000728799
3.84,0.0278485,-0.035582,0.0165986,-0.00132254
3.845,0.028412,-0.0363021,0.0169678,-0.00193515
3.85,0.0289861,-0.0370355,0.0172878,-0.00256424
3.855,0.0295708,-0.0377826,0.0175811,-0.00321102
3.86,0.0301664,-0.0385437,0.0178702,-0.00387597
3.865,0.0307731,-0.0393188,0.0181737,-0.00455851
3.87,0.0313911,-0.0401085,0.0184905,-0.00525627
3.875,0.0320206,-0.0409128,0.0188445,-0.00597001
3.88,0.0326618,-0.0417321,0.0192617,-0.00669931
3.885,0.033315,-0.0425666,0.0197352,-0.0074412
3.89,0.0339803,-0.0434167,0.0202643,-0.00819466
3.895,0.034658,-0.0442827,0.0208476,-0.00895952
3.9,0.0353484,-0.0451647,0.021482,-0.00973606
3.905,0.0360516,-0.0460632,0.0221639,-0.0105249
3.91,0.0367679,-0.0469784,0.0228887,-0.0113269
3.915,0.0374975,-0.0479106,0.0236519,-0.0121429
3.92,0.0382407,-0.0488602,0.0244489,-0.0129738
3.925,0.0389977,-0.0498275,0.0252755,-0.0138206
3.93,0.0397689,-0.0508128,0.0261282,-0.0146841
3.935,0.0405544,-0.0518164,0.027004,-0.015565
3.94,0.0413545,-0.0528387,0.0278235,-0.016437
3.945,0.0421695,-0.0538801,0.02879,-0.0174109
3.95,0.0429997,-0.0549409,0.0297655,-0.0183451
3.955,0.0438454,-0.0560214,0.030748,-0.0192945
3.96,0.0447068,-0.057122,0.0317363,-0.0202614
3.965,0.0455843,-0.0582431,0.0327328,-0.0212467
3.97,0.046478,-0.0593851,0.033629,-0.0222204
3.975,0.0473885,-0.0605483,0.034742,-0.0233106
3.98,0.0483159,-0.0617333,0.035831,-0.0243556
3.985,0.0492605,-0.0629402,0.0369254,-0.0254159
3.99,0.0502227,-0.0641697,0.0405388,-0.0288632
3.995,0.0512029,-0.065422,0.0394337,-0.0277474
4,0.0522013,-0.0666977,0.0406321,-0.028825
4.005,0.0532183,-0.0679971,0.0445506,-0.0325305
4.01,0.0542542,-0.0693207,0.0435871,-0.0313122
4.015,0.0553094,-0.070669,0.0444434,-0.0321769
4.02,0.0563843,-0.0720423,0.0453584,-0.0332674
4.025,0.0574792,-0.0734413,0.0461577,-0.0343734
4.03,0.0585945,-0.0748662,0.0475416,-0.0356822
4.035,0.0597305,-0.0763178,0.0485307,-0.0368177
4.04,0.0608877,-0.0777963,0.0496901,-0.0380594
4.045,0.0620664,-0.0793024,0.0510185,-0.0393447
4.05,0.0632671,-0.0808365,0.052578,-0.0405156
4.055,0.0644901,-0.0823992,0.0547401,-0.0415988
4.06,0.0657359,-0.0839909,0.055904,-0.0419935
4.065,0.067005,-0.0856124,0.0565442,-0.0424821
4.07,0.0682976,-0.087264,0.058053,-0.0434876
4.075,0.0696143,-0.0889463,0.0594451,-0.0447605
4.08,0.0709555,-0.09066,0.0613845,-0.0464699
4.085,0.0723217,-0.0924056,0.0633201,-0.0486234
4.09,0.0737134,-0.0941837,0.0655878,-0.0514619
4.095,0.0751309,-0.0959949,0.0678617,-0.0545328
4.1,0.0765749,-0.0978398,0.0697449,-0.0576103
4.105,0.0780457,-0.0997191,0.0724521,-0.0606821
4.11,0.0795439,-0.101633,0.0747211,-0.0633287
4.115,0.08107,-0.103583,0.0769247,-0.0656379
4.12,0.0826245,-0.10557,0.0789204,-0.0677175
4.125,0.084208,-0.107593,0.0801069,-0.0693369
4.13,0.085821,-0.109654,0.0822297,-0.0706918
4.135,0.087464,-0.111753,0.0844311,-0.0715959
4.14,0.0891376,-0.113891,0.0868418,-0.0722672
4.145,0.0908423,-0.116069,0.0893283,-0.0728082
4.15,0.0925788,-0.118288,0.0917846,-0.0732638
4.155,0.0943476,-0.120548,0.0939024,-0.0736191
4.16,0.0961494,-0.12285,0.0964357,-0.0742426
4.165,0.0979847,-0.125195,0.0985724,-0.0748153
4.17,0.0998542,-0.127584,0.100528,-0.0755044
4.175,0.101758,-0.130017,0.102339,-0.0763724
4.18,0.103698,-0.132495,0.104031,-0.0774588
4.185,0.105674,-0.13502,0.105636,-0.0787913
4.19,0.107687,-0.137592,0.107159,-0.0803948
4.195,0.109737,-0.140211,0.10866,-0.0822592
4.2,0.111825,-0.142879,0.110137,-0.0844253
4.205,-0.0860365,0.109912,-0.085384,0.165576
4.21,-0.0838695,0.107143,-0.095172,0.176844
4.215,-0.0816621,0.104323,-0.0987549,0.167496
4.22,-0.0794136,0.101451,-0.0996341,0.159302
4.225,-0.0771233,0.0985251,-0.0980163,0.15207
4.23,-0.0747903,0.0955447,-0.0813908,0.135892
4.235,-0.0724139,0.0925088,-0.0743951,0.129848
4.24,-0.0699933,0.0894164,-0.0739221,0.128668
4.245,-0.0675275,0.0862664,-0.0655821,0.118373
4.25,-0.0650159,0.0830578,-0.0752088,0.130271
4.255,-0.0624574,0.0797894,-0.0759062,0.128735
4.26,-0.0598514,0.0764602,-0.0723939,0.126526
4.265,-0.0571968,0.0730689,-0.0685688,0.123408
4.27,-0.0544928,0.0696146,-0.0648189,0.119305
4.275,-0.0517384,0.0660959,-0.0436091,0.108868
4.28,-0.0489328,0.0625117,-0.0607685,0.102148
4.285,-0.0460749,0.0588607,-0.0541032,0.101162
4.29,-0.0431638,0.0551418,-0.0454728,0.095628
4.295,-0.0401985,0.0513536,-0.0418222,0.0947508
4.3,-0.037178,0.0474949,-0.0534721,0.0924058
4.305,-0.0341012,0.0435643,-0.0496777,0.0914394
4.31,-0.0309672,0.0395606,-0.0464305,0.08968
4.315,-0.0277748,0.0354823,-0.0435631,0.0869066
4.32,-0.0245229,0.0313281,-0.0334168,0.0802416
4.325,-0.0212105,0.0270965,-0.027894,0.0744299
4.33,-0.0178365,0.0227861,-0.0318704,0.0714305
4.335,-0.0143996,0.0183955,-0.032798,0.0623168
4.34,-0.0108987,0.0139231,-0.026159,0.0603494
4.345,-0.0073326,0.0093674,-0.0251398,0.0588414
4.35,-0.00370012,0.0047269,-0.0262455,0.0552467
4.355,-2.52576e-15,3.21965e-15,-0.0307709,0.0508244
4.36,4.50088e-05,5.75185e-05,-0.000915033,0.0526846
4.365,9.08556e-05,0.000116108,0.0021104,0.0624721
4.37,0.000137556,0.000175788,-0.00399178,0.063029
4.375,0.000185126,0.00023658,0.00227567,0.0507352
4.38,0.000233582,0.000298504,-0.00874654,0.0607727
4.385,0.00028294,0.00036158,-0.00913005,0.0583874
4.39,0.000333217,0.000425832,-0.00890935,0.0544725
4.395,0.00038443,0.000491279,-0.0080612,0.0494663
4.4,0.000436597,0.000557945,-0.00697761,0.0438029
4.405,0.000489736,0.000625853,-0.00606443,0.0380421
4.41,0.000543863,0.000695025,-0.00552525,0.0328624
4.415,0.000598999,0.000765484,-0.00546377,0.0289303
4.42,0.000655161,0.000837256,-0.00514941,0.0274982
4.425,0.000712369,0.000910365,-0.00723447,0.0267497
4.43,0.000770642,0.000984834,-0.00873541,0.0276155
4.435,0.00083,0.00106069,-0.0102488,0.0297045
4.44,0.000890463,0.00113796,0.0119632,-0.000564226
4.445,0.000952053,0.00121667,-0.0102826,0.0397055
4.45,0.00101479,0.00129684,-0.011506,0.0448567
4.455,0.00107869,0.0013785,-0.013016,0.0480358
4.46,0.00114379,0.00146169,-0.0136843,0.0492333
4.465,0.00121009,0.00154643,-0.0136818,0.0475678
4.47,0.00127763,0.00163274,-0.0135217,0.043953
4.475,0.00134643,0.00172066,-0.0117091,0.0393209
4.48,0.00141651,0.00181022,-0.0096743,0.0338677
4.485,0.0014879,0.00190144,-0.00651693,0.0286348
4.49,0.00156061,0.00199436,-0.00393776,0.0234946
4.495,0.00163468,0.00208902,-0.00181551,0.0195212
4.5,0.00171012,0.00218543,-0.00189496,0.0166076
4.505,0.00178697,0.00228365,-0.00306676,0.0144577
4.51,0.00186526,0.00238369,-0.00472198,0.0130035
4.515,0.001945,0.00248559,-0.00643315,0.0121512
4.52,0.00202622,0.00258939,-0.00784459,0.0117266
4.525,0.00210896,0.00269512,-0.00874792,0.0119825
4.53,0.00219324,0.00280282,-0.00903223,0.012639
4.535,0.00227908,0.00291253,-0.00864522,0.0135759
4.54,0.00236653,0.00302428,-0.00766148,0.0146844
4.545,0.0024556,0.00313811,-0.00634625,0.0158378
4.55,0.00254633,0.00325406,-0.00466124,0.0171708
4.555,0.00263876,0.00337217,-0.0029497,0.0182129
4.56,0.0027329,0.00349248,-0.00123264,0.0190785
4.565,0.00282879,0.00361503,0.000393983,0.0197333
4.57,0.00292647,0.00373986,0.00186872,0.0201513
4.575,0.00302597,0.00386701,0.0032397,0.020021
4.58,0.00312733,0.00399654,0.00490713,0.0189032
4.585,0.00323057,0.00412847,0.00672739,0.0176112
4.59,0.00333573,0.00426286,0.00840731,0.0162412
4.595,0.00344285,0.00439975,0.00976409,0.0148474
4.6,0.00355196,0.0045392,0.0107029,0.0134747
4.605,0.00366311,0.00468123,0.0111944,0.0121584
4.61,0.00377633,0.00482592,0.0112525,0.0109215
4.615,0.00389165,0.00497329,0.0109138,0.00977525
4.62,0.00400912,0.00512342,0.0102319,0.00872987
4.625,0.00412878,0.00527633,0.00927555,0.00779744
4.63,0.00425067,0.0054321,0.00774829,0.00780332
4.635,0.00437482,0.00559076,0.00550162,0.00814619
4.64,0.00450129,0.00575238,0.00371254,0.0076007
4.645,0.00463011,0.00591701,0.00247555,0.00708537
4.65,0.00476134,0.0060847,0.00168554,0.00666207
4.655,0.004895,0.00625552,0.00126013,0.00634617
4.66,0.00503115,0.00642951,0.00113674,0.00614543
4.665,0.00516984,0.00660675,0.00126591,0.00605935
4.67,0.00531111,0.00678729,0.00161266,0.00608355
4.675,0.00545502,0.00697118,0.00172707,0.0060716
4.68,0.0056016,0.00715851,0.00272771,0.00652474
4.685,0.00575091,0.00734932,0.00389254,0.00690462
4.69,0.005903,0.00754368,0.00497266,0.00720654
4.695,0.00605792,0.00774166,0.00610348,0.00752692
4.7,0.00621573,0.00794333,0.00703818,0.00779629
4.705,0.00637648,0.00814875,0.00844248,0.0082394
4.71,0.00654021,0.008358,0.00948104,0.00851443
4.715,0.006707,0.00857115,0.0109585,0.00893227
4.72,0.0068769,0.00878826,0.0120261,0.00915825
4.725,0.00704995,0.00900942,0.0132491,0.00943947
4.73,0.00722623,0.00923469,0.0147383,0.00973428
4.735,0.00740579,0.00946416,0.0157385,0.00981173
4.74,0.0075887,0.0096979,0.0171073,0.00998221
4.745,0.00777501,0.00993599,0.0182298,0.0100024
4.75,0.00796479,0.0101785,0.0189586,0.00991062
4.755,0.0081581,0.0104256,0.0197869,0.00987358
4.76,0.00835501,0.0106772,0.0208352,0.00986672
4.765,0.00855559,0.0109335,0.0213216,0.00969554
4.77,0.00875991,0.0111946,0.0221508,0.00964727
4.775,0.00896803,0.0114606,0.0224367,0.00946219
4.78,0.00918002,0.0117315,0.0228114,0.00936235
4.785,0.00939596,0.0120075,0.0231553,0.00928082
4.79,0.00961592,0.0122886,0.0237269,0.00926576
4.795,0.00983998,0.0125749,0.0237607,0.00915422
4.8,0.0100682,0.0128666,0.023912,0.00914422
4.805,0.0103007,0.0131637,0.0240691,0.00917438
4.81,0.0105375,0.0134663,0.0242158,0.00924507
4.815,0.0107787,0.0137745,0.0243513,0.00935861
4.82,0.0110244,0.0140886,0.0244771,0.00951604
4.825,0.0112747,0.0144084,0.0245951,0.00971788
4.83,0.0115297,0.0147342,0.0249763,0.0099986
4.835,0.0117893,0.0150661,0.0248563,0.0102293
4.84,0.0120539,0.0154041,0.0251575,0.0105895
4.845,0.0123233,0.0157485,0.0250018,0.0109072
4.85,0.0125978,0.0160992,0.0250154,0.0113158
4.855,0.0128774,0.0164565,0.0250758,0.0117655
4.86,0.0131622,0.0168204,0.0251496,0.0122488
4.865,0.0134522,0.0171912,0.0252259,0.0127609
4.87,0.0137477,0.0175688,0.0252985,0.0132967
4.875,0.0140487,0.0179534,0.0253632,0.0138515
4.88,0.0143553,0.0183452,0.0254167,0.0144208
4.885,0.0146676,0.0187443,0.0254568,0.0150007
4.89,0.0149857,0.0191509,0.0254831,0.0155875
4.895,0.0153098,0.019565,0.0254959,0.016178
4.9,0.0156399,0.0199868,0.0257476,0.01679
4.905,0.0159761,0.0204165,0.0350292,0.0116714
4.91,0.0163186,0.0208542,0.0246581,0.0180538
4.915,0.0166674,0.0213,0.0248188,0.0186881
4.92,0.0170228,0.0217541,0.0246167,0.0192966
4.925,0.0173848,0.0222167,0.0246036,0.01995
4.93,0.0177535,0.0226879,0.0248549,0.0206159
4.935,0.0181291,0.0231679,0.0248595,0.0212396
4.94,0.0185116,0.0236568,0.0247765,0.0218412
4.945,0.0189013,0.0241548,0.0272202,0.0213162
4.95,0.0192983,0.024662,0.0238183,0.0230123
4.955,0.0197026,0.0251788,0.0241012,0.0236063
4.96,0.0201145,0.0257051,0.0240905,0.0241634
4.965,0.020534,0.0262413,0.0239871,0.0247056
4.97,0.0209614,0.0267874,0.0236452,0.0252307
4.975,0.0213967,0.0273437,0.0235143,0.0257644
4.98,0.0218401,0.0279104,0.0234326,0.026299
4.985,0.0222918,0.0284876,0.0235654,0.0268392
4.99,0.0227519,0.0290755,0.0232994,0.02737
4.995,0.0232205,0.0296744,0.0233968,0.0279132
5,0.0236979,0.0302845,0.0231488,0.0284624
5.005,0.0241842,0.0309059,0.0230789,0.0290232
5.01,0.0246795,0.0315389,0.0232338,0.0296025
5.015,0.025184,0.0321837,0.0230397,0.0302025
5.02,0.025698,0.0328404,0.0230121,0.0308153
5.025,0.0262215,0.0335095,0.023025,0.0314523
5.03,0.0267547,0.0341909,0.0230497,0.0321119
5.035,0.0272979,0.0348851,0.0230802,0.0327946
5.04,0.0278512,0.0355922,0.023115,0.0335007
5.045,0.0284148,0.0363124,0.0231537,0.0342297
5.05,0.0289889,0.0370461,0.0231966,0.0349807
5.055,0.0295737,0.0377934,0.0233727,0.035743
5.06,0.0301693,0.0385546,0.0234028,0.0365438
5.065,0.0307761,0.03933,0.0234264,0.0373598
5.07,0.0313942,0.0401199,0.0234703,0.0381903
5.075,0.0320237,0.0409244,0.0235377,0.0390334
5.08,0.032665,0.0417439,0.0235305,0.0399013
5.085,0.0333183,0.0425787,0.0236677,0.0407501
5.09,0.0339837,0.0434291,0.0238271,0.0416085
5.095,0.0346614,0.0442952,0.0240634,0.0424582
5.1,0.0353518,0.0451775,0.0241245,0.0433685
5.105,0.0360551,0.0460763,0.024289,0.0442505
5.11,0.0367715,0.0469917,0.0244773,0.0451392
5.115,0.0375012,0.0479242,0.0246791,0.0460331
5.12,0.0382444,0.0488741,0.0248967,0.0469311
5.125,0.0390016,0.0498417,0.025168,0.0478098
5.13,0.0397728,0.0508272,0.0254046,0.048736
5.135,0.0405584,0.0518311,0.0256673,0.0496905
5.14,0.0413586,0.0528538,0.0260421,0.0505717
5.145,0.0421737,0.0538954,0.0264182,0.0515275
5.15,0.043004,0.0549565,0.0268726,0.0524324
5.155,0.0438497,0.0560373,0.0273639,0.053336
5.16,0.0447112,0.0571382,0.0278865,0.0542412
5.165,0.0455887,0.0582596,0.0284421,0.0551504
5.17,0.0464826,0.059402,0.0289962,0.0560337
5.175,0.0473931,0.0605655,0.0297695,0.0571328
5.18,0.0483206,0.0617508,0.0304118,0.0578731
5.185,0.0492653,0.0629581,0.0310735,0.0588002
5.19,0.0502276,0.0641879,0.0317149,0.0597206
5.195,0.0512079,0.0654406,0.0324679,0.060728
5.2,0.0522064,0.0667166,0.0333172,0.0617592
5.205,0.0532235,0.0680164,0.0343507,0.0628489
5.21,0.0542595,0.0693404,0.0353807,0.0638801
5.215,0.0553148,0.0706891,0.0362849,0.0648807
5.22,0.0563898,0.0720628,0.0376821,0.0656149
5.225,0.0574848,0.0734621,0.0412506,0.0655427
5.23,0.0586002,0.0748875,0.0454462,0.0655538
5.235,0.0597363,0.0763394,0.0483284,0.0658228
5.24,0.0608936,0.0778184,0.0495378,0.0663192
5.245,0.0620725,0.0793249,0.04945,0.0671155
5.25,0.0632733,0.0808595,0.0488113,0.068432
5.255,0.0644964,0.0824226,0.0485461,0.070308
5.26,0.0657424,0.0840148,0.047668,0.0721294
5.265,0.0670115,0.0856367,0.0477841,0.0738888
5.27,0.0683043,0.0872888,0.0497337,0.0762705
5.275,0.0696211,0.0889716,0.0516761,0.0789742
5.28,0.0709625,0.0906858,0.0532719,0.0819466
5.285,0.0723288,0.0924319,0.0538886,0.0843135
5.29,0.0737206,0.0942105,0.0526416,0.0862196
5.295,0.0751383,0.0960222,0.0513898,0.087759
5.3,0.0765823,0.0978676,0.0514382,0.0887224
5.305,0.0780533,0.0997475,0.0522206,0.0892002
5.31,0.0795517,0.101662,0.0535199,0.0894625
5.315,0.0810779,0.103613,0.0653028,0.102332
5.32,0.0826326,0.1056,0.0611317,0.0894342
5.325,0.0842163,0.107623,0.062033,0.0887389
5.33,0.0858294,0.109685,0.0626251,0.0886398
5.335,0.0874725,0.111785,0.0642163,0.0886728
5.34,0.0891463,0.113924,0.0664425,0.0888561
5.345,0.0908512,0.116102,0.0691575,0.0892483
5.35,0.0925879,0.118322,0.0718957,0.0899734
5.355,0.0943569,0.120582,0.075169,0.0913069
5.36,0.0961588,0.122885,0.0782373,0.0928073
5.365,0.0979943,0.125231,0.0818849,0.0948654
5.37,0.0998639,0.12762,0.0850873,0.0972341
5.375,0.101768,0.130054,0.0880101,0.100083
5.38,0.103708,0.132533,0.0906434,0.103371
5.385,0.105684,0.135058,0.0928444,0.107198
5.39,0.107697,0.137631,0.0945472,0.110723
5.395,0.109748,0.140251,0.096283,0.113887
5.4,0.111836,0.14292,0.0978715,0.116977
5.405,-0.0860365,-0.109949,-0.0931232,-0.132595
5.41,-0.0838695,-0.10718,-0.0952872,-0.149741
5.415,-0.0816621,-0.104359,-0.0901636,-0.137199
5.42,-0.0794136,-0.101486,-0.0916611,-0.13476
5.425,-0.0771233,-0.098559,-0.0928923,-0.131564
5.43,-0.0747903,-0.0955776,-0.0930121,-0.128061
5.435,-0.0724139,-0.0925406,-0.0918841,-0.124424
5.44,-0.0699933,-0.0894472,-0.0826663,-0.11699
5.445,-0.0675275,-0.0862961,-0.080157,-0.114177
5.45,-0.0650159,-0.0830864,-0.0763454,-0.110716
5.455,-0.0624574,-0.0798169,-0.069541,-0.105757
5.46,-0.0598514,-0.0764865,-0.0688693,-0.105103
5.465,-0.0571968,-0.0730941,-0.0677517,-0.103221
5.47,-0.0544928,-0.0696385,-0.066757,-0.100534
5.475,-0.0517384,-0.0661186,-0.064952,-0.097926
5.48,-0.0489328,-0.0625332,-0.0626461,-0.0958121
5.485,-0.0460749,-0.058881,-0.0611025,-0.0932669
5.49,-0.0431638,-0.0551608,-0.0599475,-0.0897291
5.495,-0.0401985,-0.0513713,-0.0537574,-0.0846216
5.5,-0.037178,-0.0475113,-0.048005,-0.0793377
5.505,-0.0341012,-0.0435793,-0.0477575,-0.0783795
5.51,-0.0309672,-0.0395742,-0.04726,-0.0763046
5.515,-0.0277748,-0.0354945,-0.0465745,-0.0737602
5.52,-0.0245229,-0.0313388,-0.046,-0.0699868
5.525,-0.0212105,-0.0271058,-0.0438429,-0.0661407
5.53,-0.0178365,-0.0227939,-0.0405242,-0.0629509
5.535,-0.0143996,-0.0184018,-0.0378984,-0.0592741
5.54,-0.0108987,-0.0139279,-0.0351123,-0.0553272
5.545,-0.0073326,-0.00937062,-0.0320496,-0.0511669
5.55,-0.00370012,-0.00472853,-0.028726,-0.0468494
5.555,-2.52576e-15,-3.21965e-15,-0.0228532,-0.0453437
5.56,4.50088e-05,-5.75185e-05,-0.0246479,-0.0483744
5.565,9.08556e-05,-0.000116108,-0.0329075,-0.0454295
5.57,0.000137556,-0.000175788,-0.033135,-0.0431318
5.575,0.000185126,-0.00023658,-0.0288815,-0.0425042
5.58,0.000233582,-0.000298504,-0.0204379,-0.0439108
5.585,0.00028294,-0.00036158,-0.0135702,-0.0434552
5.59,0.000333217,-0.000425832,-0.00596274,-0.0415325
5.595,0.00038443,-0.000491279,0.00199589,-0.0381936
5.6,0.000436597,-0.000557945,0.0108153,-0.0351639
5.605,0.000489736,-0.000625853,0.0174313,-0.0316847
5.61,0.000543863,-0.000695025,0.0231123,-0.0278184
5.615,0.000598999,-0.000765484,0.027438,-0.0238378
5.62,0.000655161,-0.000837256,0.0292231,-0.0202493
5.625,0.000712369,-0.000910365,0.0293642,-0.0172965
5.63,0.000770642,-0.000984834,0.0273812,-0.0150623
5.635,0.00083,-0.00106069,0.0230404,-0.013353
5.64,0.000890463,-0.00113796,0.0172977,-0.0117699
5.645,0.000952053,-0.00121667,0.0116348,-0.00985541
5.65,0.00101479,-0.00129684,0.00631931,-0.00843707
5.655,0.00107869,-0.0013785,0.00175096,-0.00722841
5.66,0.00114379,-0.00146169,-0.000987184,-0.00525425
5.665,0.00121009,-0.00154643,-0.00111268,-0.00287765
5.67,0.00127763,-0.00163274,-0.000420413,-0.000864473
5.675,0.00134643,-0.00172066,0.000988871,0.000941928
5.68,0.00141651,-0.00181022,0.00268618,0.00220504
5.685,0.0014879,-0.00190144,0.00452702,0.00357345
5.69,0.00156061,-0.00199436,0.0060929,0.00324853
5.695,0.00163468,-0.00208902,0.00733729,0.00354323
5.7,0.00171012,-0.00218543,0.00852522,0.00343772
5.705,0.00178697,-0.00228365,0.0095311,0.0030361
5.71,0.00186526,-0.00238369,0.0103576,0.00237644
5.715,0.001945,-0.00248559,0.0110303,0.00149347
5.72,0.00202622,-0.00258939,0.0116478,0.000341681
5.725,0.00210896,-0.00269512,0.0121376,-0.000753002
5.73,0.00219324,-0.00280282,0.012467,-0.00181562
5.735,0.00227908,-0.00291253,0.0127731,-0.00307837
5.74,0.00236653,-0.00302428,0.0131122,-0.00442053
5.745,0.0024556,-0.00313811,0.0133063,-0.00551839
5.75,0.00254633,-0.00325406,0.0127789,-0.00599587
5.755,0.00263876,-0.00337217,0.0131094,-0.00763453
5.76,0.0027329,-0.00349248,0.0130549,-0.0085415
5.765,0.00282879,-0.00361503,0.0129376,-0.00918377
5.77,0.00292647,-0.00373986,0.0127497,-0.00961729
5.775,0.00302597,-0.00386701,0.0118258,-0.00943705
5.78,0.00312733,-0.00399654,0.0121046,-0.0102393
5.785,0.00323057,-0.00412847,0.0116789,-0.0100372
5.79,0.00333573,-0.00426286,0.0113035,-0.00974255
5.795,0.00344285,-0.00439975,0.0108846,-0.00929864
5.8,0.00355196,-0.0045392,0.0104368,-0.00872877
5.805,0.00366311,-0.00468123,0.00998395,-0.00806741
5.81,0.00377633,-0.00482592,0.00954924,-0.0073469
5.815,0.00389165,-0.00497329,0.00915369,-0.00659651
5.82,0.00400912,-0.00512342,0.00881545,-0.00584226
5.825,0.00412878,-0.00527633,0.00877682,-0.0051843
5.83,0.00425067,-0.0054321,0.00841845,-0.00434629
5.835,0.00437482,-0.00559076,0.00828962,-0.00369288
5.84,0.00450129,-0.00575238,0.00826986,-0.00312025
5.845,0.00463011,-0.00591701,0.00835812,-0.00263371
5.85,0.00476134,-0.0060847,0.00854911,-0.00223932
5.855,0.004895,-0.00625552,0.00883279,-0.00193912
5.86,0.00503115,-0.00642951,0.00919627,-0.00173332
5.865,0.00516984,-0.00660675,0.0096244,-0.0016211
5.87,0.00531111,-0.00678729,0.0101006,-0.00159984
5.875,0.00545502,-0.00697118,0.010608,-0.00166486
5.88,0.0056016,-0.00715851,0.0111303,-0.00180943
5.885,0.00575091,-0.00734932,0.0116523,-0.00202496
5.89,0.005903,-0.00754368,0.0124152,-0.00236208
5.895,0.00605792,-0.00774166,0.0129555,-0.0026426
5.9,0.00621573,-0.00794333,0.013144,-0.00289378
5.905,0.00637648,-0.00814875,0.0134591,-0.00327493
5.91,0.00654021,-0.008358,0.0137675,-0.00368366
5.915,0.006707,-0.00857115,0.0140511,-0.00410298
5.92,0.0068769,-0.00878826,0.0142991,-0.00451922
5.925,0.00704995,-0.00900942,0.0147722,-0.00497544
5.93,0.00722623,-0.00923469,0.0147198,-0.00525646
5.935,0.00740579,-0.00946416,0.0147663,-0.00559278
5.94,0.0075887,-0.0096979,0.0147984,-0.00590124
5.945,0.00777501,-0.00993599,0.014806,-0.00617491
5.95,0.00796479,-0.0101785,0.0147876,-0.00641136
5.955,0.0081581,-0.0104256,0.0147446,-0.00660943
5.96,0.00835501,-0.0106772,0.0146805,-0.00676959
5.965,0.00855559,-0.0109335,0.0145994,-0.00689378
5.97,0.00875991,-0.0111946,0.0145064,-0.00698568
5.975,0.00896803,-0.0114606,0.0144078,-0.00705021
5.98,0.00918002,-0.0117315,0.0143086,-0.00709276
5.985,0.00939596,-0.0120075,0.0142141,-0.00711932
5.99,0.00961592,-0.0122886,0.0143973,-0.00717807
5.995,0.00983998,-0.0125749,0.0141122,-0.0071225
6,0.0100682,-0.0128666,0.0139877,-0.00713387
6.005,0.0103007,-0.0131637,0.0139217,-0.00716257
6.01,0.0105375,-0.0134663,0.0138933,-0.00721047
6.015,0.0107787,-0.0137745,0.0195451,-0.00158977
6.02,0.0110244,-0.0140886,0.0134467,-0.00735284
6.025,0.0112747,-0.0144084,0.0136857,-0.00755946
6.03,0.0115297,-0.0147342,0.0135654,-0.00774271
6.035,0.0117893,-0.0150661,0.013643,-0.00802835
6.04,0.0120539,-0.0154041,0.0137765,-0.00835311
6.045,0.0123233,-0.0157485,0.0139201,-0.00870825
6.05,0.0125978,-0.0160992,0.0140534,-0.00908938
6.055,0.0128774,-0.0164565,0.0141667,-0.009493
6.06,0.0131622,-0.0168204,0.0142564,-0.00991632
6.065,0.0134522,-0.0171912,0.0143228,-0.0103568
6.07,0.0137477,-0.0175688,0.014368,-0.0108118
6.075,0.0140487,-0.0179534,0.0143951,-0.0112786
6.08,0.0143553,-0.0183452,0.0144077,-0.0117542
6.085,0.0146676,-0.0187443,0.0144094,-0.012236
6.09,0.0149857,-0.0191509,0.0144034,-0.0127214
6.095,0.0153098,-0.019565,0.014393,-0.013208
6.1,0.0156399,-0.0199868,0.0143813,-0.0136943
6.105,0.0159761,-0.0204165,0.0202874,-0.0101633
6.11,0.0163186,-0.0208542,0.0137426,-0.0148021
6.115,0.0166674,-0.0213,0.0138187,-0.01531
6.12,0.0170228,-0.0217541,0.0139308,-0.0158201
6.125,0.0173848,-0.0222167,0.0140519,-0.0163452
6.13,0.0177535,-0.0226879,0.0141569,-0.0168665
6.135,0.0181291,-0.0231679,0.014244,-0.0173831
6.14,0.0185116,-0.0236568,0.0143178,-0.017895
6.145,0.0189013,-0.0241548,0.0143857,-0.0184027
6.15,0.0192983,-0.024662,0.0144561,-0.0189073
6.155,0.0197026,-0.0251788,0.0143519,-0.0194061
6.16,0.0201145,-0.0257051,0.0146187,-0.01991
6.165,0.020534,-0.0262413,0.0149788,-0.0204241
6.17,0.0209614,-0.0267874,0.0183351,-0.0201931
6.175,0.0213967,-0.0273437,0.0148205,-0.0215547
6.18,0.0218401,-0.0279104,0.015104,-0.0220676
6.185,0.0222918,-0.0284876,0.0154239,-0.0225954
6.19,0.0227519,-0.0290755,0.0175863,-0.0230341
6.195,0.0232205,-0.0296744,0.0159441,-0.0237688
6.2,0.0236979,-0.0302845,0.0164225,-0.0243266
6.205,0.0241842,-0.0309059,0.0166092,-0.0249264
6.21,0.0246795,-0.0315389,0.0170733,-0.0255226
6.215,0.025184,-0.0321837,0.0172605,-0.0261659
6.22,0.025698,-0.0328404,0.0175862,-0.0268075
6.225,0.0262215,-0.0335095,0.0180782,-0.0274641
6.23,0.0267547,-0.0341909,0.0183093,-0.0281718
6.235,0.0272979,-0.0348851,0.0186835,-0.0288699
6.24,0.0278512,-0.0355922,0.0192172,-0.0295767
6.245,0.0284148,-0.0363124,0.019526,-0.0303392
6.25,0.0289889,-0.0370461,0.0199756,-0.0310837
6.255,0.0295737,-0.0377934,0.020567,-0.0318297
6.26,0.0301693,-0.0385546,0.0210553,-0.0326202
6.265,0.0307761,-0.03933,0.0215545,-0.033418
6.27,0.0313942,-0.0401199,0.0220863,-0.0342246
6.275,0.0320237,-0.0409244,0.0226504,-0.0350389
6.28,0.032665,-0.0417439,0.0232426,-0.0358596
6.285,0.0333183,-0.0425787,0.0238578,-0.0366859
6.29,0.0339837,-0.0434291,0.0244923,-0.0375173
6.295,0.0346614,-0.0442952,0.025143,-0.0383538
6.3,0.0353518,-0.0451775,0.0257645,-0.0392188
6.305,0.0360551,-0.0460763,0.0264729,-0.0400429
6.31,0.0367715,-0.0469917,0.0271833,-0.0408754
6.315,0.0375012,-0.0479242,0.0279067,-0.0416908
6.32,0.0382444,-0.0488741,0.0285564,-0.0425949
6.325,0.0390016,-0.0498417,0.029273,-0.0434561
6.33,0.0397728,-0.0508272,0.0300102,-0.0443003
6.335,0.0405584,-0.0518311,0.0307282,-0.0452132
6.34,0.0413586,-0.0528538,0.0314977,-0.0461687
6.345,0.0421737,-0.0538954,0.0323322,-0.0470753
6.35,0.043004,-0.0549565,0.0331883,-0.0479923
6.355,0.0438497,-0.0560373,0.0340229,-0.048887
6.36,0.0447112,-0.0571382,0.0348809,-0.0498601
6.365,0.0455887,-0.0582596,0.03579,-0.0508497
6.37,0.0464826,-0.059402,0.0368112,-0.0518915
6.375,0.0473931,-0.0605655,0.0378494,-0.0528774
6.38,0.0483206,-0.0617508,0.0388214,-0.0538354
6.385,0.0492653,-0.0629581,0.0399254,-0.0549212
6.39,0.0502276,-0.0641879,0.0409293,-0.055911
6.395,0.0512079,-0.0654406,0.0420994,-0.0570343
6.4,0.0522064,-0.0667166,0.0432432,-0.0581022
6.405,0.0532235,-0.0680164,0.0442772,-0.0591407
6.41,0.0542595,-0.0693404,0.0454079,-0.0602803
6.415,0.0553148,-0.0706891,0.0465544,-0.0614553
6.42,0.0563898,-0.0720628,0.0476998,-0.0625328
6.425,0.0574848,-0.0734621,0.049943,-0.0632625
6.43,0.0586002,-0.0748875,0.0529122,-0.0637715
6.435,0.0597363,-0.0763394,0.0562577,-0.0641693
6.44,0.0608936,-0.0778184,0.0590528,-0.0645273
6.445,0.0620725,-0.0793249,0.0607352,-0.065079
6.45,0.0632733,-0.0808595,0.0610657,-0.0658389
6.455,0.0644964,-0.0824226,0.0613587,-0.0671847
6.46,0.0657424,-0.0840148,0.0587609,-0.0685073
6.465,0.0670115,-0.0856367,0.0573846,-0.0703686
6.47,0.0683043,-0.0872888,0.057761,-0.0727964
6.475,0.0696211,-0.0889716,0.0589065,-0.0753801
6.48,0.0709625,-0.0906858,0.0601113,-0.0780439
6.485,0.0723288,-0.0924319,0.062281,-0.0806741
6.49,0.0737206,-0.0942105,0.063875,-0.0829202
6.495,0.0751383,-0.0960222,0.0660326,-0.0845574
6.5,0.0765823,-0.0978676,0.0675426,-0.0856893
6.505,0.0780533,-0.0997475,0.0687531,-0.0864774
6.51,0.0795517,-0.101662,0.0698212,-0.087012
6.515,0.0810779,-0.103613,0.070857,-0.0873867
6.52,0.0826326,-0.1056,0.0719702,-0.0876794
6.525,0.0842163,-0.107623,0.0732216,-0.087876
6.53,0.0858294,-0.109685,0.0745638,-0.0882009
6.535,0.0874725,-0.111785,0.0759811,-0.0885629
6.54,0.0891463,-0.113924,0.0776077,-0.0890272
6.545,0.0908512,-0.116102,0.0790831,-0.0897227
6.55,0.0925879,-0.118322,0.0812078,-0.0907902
6.555,0.0943569,-0.120582,0.0838873,-0.092117
6.56,0.0961588,-0.122885,0.0860394,-0.093753
6.565,0.0979943,-0.125231,0.0879284,-0.0958574
6.57,0.0998639,-0.12762,0.0895643,-0.0983864
6.575,0.101768,-0.130054,0.091206,-0.101094
6.58,0.103708,-0.132533,0.0983537,-0.109591
6.585,0.105684,-0.135058,0.0951388,-0.107149
6.59,0.107697,-0.137631,0.0965893,-0.109601
6.595,0.109748,-0.140251,0.109841,-0.124097
6.6,0.111836,-0.14292,0.0996043,-0.114508
6.605,-0.0860365,0.109949,-0.0950886,0.136866
6.61,-0.0838695,0.10718,-0.105195,0.154879
6.615,-0.0816621,0.104359,-0.107026,0.148732
6.62,-0.0794136,0.101486,-0.0848024,0.138024
6.625,-0.0771233,0.098559,-0.0785855,0.134109
6.63,-0.0747903,0.0955776,-0.0732629,0.113076
6.635,-0.0724139,0.0925406,-0.089677,0.122399
6.64,-0.0699933,0.0894472,-0.0882181,0.121561
6.645,-0.0675275,0.0862961,-0.0870279,0.119179
6.65,-0.0650159,0.0830864,-0.0845131,0.116486
6.655,-0.0624574,0.0798169,-0.0807928,0.114152
6.66,-0.0598514,0.0764865,-0.0761633,0.106722
6.665,-0.0571968,0.0730941,-0.0711055,0.101433
6.67,-0.0544928,0.0696385,-0.0694204,0.0997465
6.675,-0.0517384,0.0661186,-0.0680594,0.0973588
6.68,-0.0489328,0.0625332,-0.0650093,0.0963793
6.685,-0.0460749,0.058881,-0.0626444,0.0946175
6.69,-0.0431638,0.0551608,-0.0585329,0.0919861
6.695,-0.0401985,0.0513713,-0.0540613,0.0863338
6.7,-0.037178,0.0475113,-0.0536446,0.0832044
6.705,-0.0341012,0.0435793,-0.0515164,0.0816637
6.71,-0.0309672,0.0395742,-0.049243,0.0796459
6.715,-0.0277748,0.0354945,-0.0468548,0.0768596
6.72,-0.0245229,0.0313388,-0.0443275,0.0732673
6.725,-0.0212105,0.0271058,-0.0450909,0.0664721
6.73,-0.0178365,0.0227939,-0.0437406,0.060868
6.735,-0.0143996,0.0184018,-0.0328766,0.0541951
6.74,-0.0108987,0.0139279,-0.0254921,0.0480152
6.745,-0.0073326,0.00937062,-0.0237148,0.0472716
6.75,-0.00370012,0.00472853,-0.0217529,0.046453
6.755,-2.52576e-15,3.21965e-15,-0.0208128,0.0436548
6.76,4.50088e-05,5.75185e-05,-0.0155577,0.052638
6.765,9.08556e-05,0.000116108,-0.0147831,0.0590012
6.77,0.000137556,0.000175788,-0.0182961,0.0546231
6.775,0.000185126,0.00023658,-0.00740988,0.0403647
6.78,0.000233582,0.000298504,-0.0145733,0.0469415
6.785,0.00028294,0.00036158,-0.0125758,0.0433315
6.79,0.000333217,0.000425832,-0.0104455,0.0394901
6.795,0.00038443,0.000491279,-0.00823332,0.0354827
6.8,0.000436597,0.000557945,-0.00687029,0.0300845
6.805,0.000489736,0.000625853,-0.0049387,0.025496
6.81,0.000543863,0.000695025,-0.00327691,0.0216152
6.815,0.000598999,0.000765484,-0.0022943,0.018437
6.82,0.000655161,0.000837256,-0.00209604,0.0159159
6.825,0.000712369,0.000910365,-0.00265917,0.0138873
6.83,0.000770642,0.000984834,-0.00375145,0.0122122
6.835,0.00083,0.00106069,-0.00513064,0.0107812
6.84,0.000890463,0.00113796,-0.00656379,0.00955575
6.845,0.000952053,0.00121667,-0.00784121,0.0085293
6.85,0.00101479,0.00129684,-0.00860252,0.00749181
6.855,0.00107869,0.0013785,-0.00800602,0.00568886
6.86,0.00114379,0.00146169,-0.00630898,0.0038657
6.865,0.00121009,0.00154643,-0.00393255,0.00226878
6.87,0.00127763,0.00163274,-0.00103188,0.000978732
6.875,0.00134643,0.00172066,0.000417523,0.00106314
6.88,0.00141651,0.00181022,0.000258818,0.00183994
6.885,0.0014879,0.00190144,-0.000510843,0.00277697
6.89,0.00156061,0.00199436,-0.00122193,0.00358885
6.895,0.00163468,0.00208902,-0.00124604,0.00377807
6.9,0.00171012,0.00218543,-0.000137374,0.0035601
6.905,0.00178697,0.00228365,0.00164082,0.00340243
6.91,0.00186526,0.00238369,0.00370606,0.00331983
6.915,0.001945,0.00248559,0.00578894,0.00331584
6.92,0.00202622,0.00258939,0.031644,-0.0248118
6.925,0.00210896,0.00269512,0.00969995,0.00336907
6.93,0.00219324,0.00280282,0.0107426,0.00387696
6.935,0.00227908,0.00291253,0.0114596,0.00461972
6.94,0.00236653,0.00302428,0.0117576,0.00524698
6.945,0.0024556,0.00313811,0.0116146,0.00661438
6.95,0.00254633,0.00325406,0.0108455,0.00786711
6.955,0.00263876,0.00337217,0.0103234,0.00846225
6.96,0.0027329,0.00349248,0.00998721,0.00888506
6.965,0.00282879,0.00361503,0.0097656,0.00914359
6.97,0.00292647,0.00373986,0.00960659,0.00924622
6.975,0.00302597,0.00386701,0.00947582,0.00920622
6.98,0.00312733,0.00399654,0.00935344,0.0090394
6.985,0.00323057,0.00412847,0.00923173,0.00876355
6.99,0.00333573,0.00426286,0.00911232,0.00839783
6.995,0.00344285,0.00439975,0.00900332,0.0079621
7,0.00355196,0.0045392,0.00891704,0.00747631
7.005,0.00366311,0.00468123,0.00886747,0.00695987
7.01,0.00377633,0.00482592,0.00886993,0.00643121
7.015,0.00389165,0.00497329,0.00893737,0.00590756
7.02,0.00400912,0.00512342,0.00907835,0.00540368
7.025,0.00412878,0.00527633,0.00930008,0.00493219
7.03,0.00425067,0.0054321,0.00960701,0.00450409
7.035,0.00437482,0.00559076,0.0100002,0.00412801
7.04,0.00450129,0.00575238,0.0104773,0.0038102
7.045,0.00463011,0.00591701,0.0110333,0.00355462
7.05,0.00476134,0.0060847,0.0118861,0.00343005
7.055,0.004895,0.00625552,0.0126293,0.00324547
7.06,0.00503115,0.00642951,0.0133881,0.00311318
7.065,0.00516984,0.00660675,0.0141598,0.00303916
7.07,0.00531111,0.00678729,0.0149404,0.00302464
7.075,0.00545502,0.00697118,0.0157257,0.00306811
7.08,0.0056016,0.00715851,0.0165103,0.00316468
7.085,0.00575091,0.00734932,0.017042,0.00324718
7.09,0.005903,0.00754368,0.0179971,0.00353284
7.095,0.00605792,0.00774166,0.0185355,0.00369057
7.1,0.00621573,0.00794333,0.0192205,0.00396169
7.105,0.00637648,0.00814875,0.0201623,0.00430244
7.11,0.00654021,0.008358,0.0206272,0.00448625
7.115,0.006707,0.00857115,0.0212028,0.00475042
7.12,0.0068769,0.00878826,0.0217527,0.00500462
7.125,0.00704995,0.00900942,0.0222586,0.00524035
7.13,0.00722623,0.00923469,0.022712,0.00545339
7.135,0.00740579,0.00946416,0.0231081,0.0056404
7.14,0.0075887,0.0096979,0.0234447,0.00579974
7.145,0.00777501,0.00993599,0.0237222,0.00593134
7.15,0.00796479,0.0101785,0.0242116,0.00608512
7.155,0.0081581,0.0104256,0.0241655,0.00608248
7.16,0.00835501,0.0106772,0.0242219,0.00613584
7.165,0.00855559,0.0109335,0.0242688,0.00617836
7.17,0.00875991,0.0111946,0.0242976,0.00621058
7.175,0.00896803,0.0114606,0.0245793,0.00627825
7.18,0.00918002,0.0117315,0.0243622,0.00622555
7.185,0.00939596,0.0120075,0.0245537,0.00627951
7.19,0.00961592,0.0122886,0.0242885,0.00623366
7.195,0.00983998,0.0125749,0.0241843,0.00626194
7.2,0.0100682,0.0128666,0.0243906,0.00634692
7.205,0.0103007,0.0131637,0.0244013,0.00639006
7.21,0.0105375,0.0134663,0.0240895,0.00641947
7.215,0.0107787,0.0137745,0.0239722,0.00653446
7.22,0.0110244,0.0140886,0.0239126,0.00668504
7.225,0.0112747,0.0144084,0.0416036,-0.00723774
7.23,0.0115297,0.0147342,0.022562,0.007108
7.235,0.0117893,0.0150661,0.0226851,0.00749349
7.24,0.0120539,0.0154041,0.0257129,0.00537669
7.245,0.0123233,0.0157485,0.0223772,0.00847671
7.25,0.0125978,0.0160992,0.0224503,0.0090566
7.255,0.0128774,0.0164565,0.0227861,0.00966945
7.26,0.0131622,0.0168204,0.0226156,0.0102267
7.265,0.0134522,0.0171912,0.0225239,0.0108038
7.27,0.0137477,0.0175688,0.0223974,0.0113616
7.275,0.0140487,0.0179534,0.022211,0.0118931
7.28,0.0143553,0.0183452,0.0219658,0.0123953
7.285,0.0146676,0.0187443,0.0216705,0.0128666
7.29,0.0149857,0.0191509,0.021337,0.0133068
7.295,0.0153098,0.019565,0.0209773,0.0137169
7.3,0.0156399,0.0199868,0.0208425,0.0141139
7.305,0.0159761,0.0204165,0.020251,0.0144452
7.31,0.0163186,0.0208542,0.0200542,0.0147911
7.315,0.0166674,0.0213,0.0197001,0.0151017
7.32,0.0170228,0.0217541,0.0190922,0.0153895
7.325,0.0173848,0.0222167,0.0187131,0.0156943
7.33,0.0177535,0.0226879,0.0186408,0.016015
7.335,0.0181291,0.0231679,0.0184085,0.0163304
7.34,0.0185116,0.0236568,0.0181627,0.0166576
7.345,0.0189013,0.0241548,0.0177312,0.0169986
7.35,0.0192983,0.024662,0.0175378,0.0173728
7.355,0.0197026,0.0251788,0.0174277,0.017778
7.36,0.0201145,0.0257051,0.0173579,0.0182142
7.365,0.020534,0.0262413,0.0173147,0.0186833
7.37,0.0209614,0.0267874,0.0172911,0.019186
7.375,0.0213967,0.0273437,0.0174694,0.0197217
7.38,0.0218401,0.0279104,0.0172869,0.0202955
7.385,0.0222918,0.0284876,0.0172621,0.0208927
7.39,0.0227519,0.0290755,0.0172782,0.0215219
7.395,0.0232205,0.0296744,0.0174739,0.0221743
7.4,0.0236979,0.0302845,0.0174926,0.0228624
7.405,0.0241842,0.0309059,0.017479,0.0235699
7.41,0.0246795,0.0315389,0.017309,0.0243027
7.415,0.025184,0.0321837,0.0174677,0.0250275
7.42,0.025698,0.0328404,0.0173446,0.0257927
7.425,0.0262215,0.0335095,0.0173607,0.0265474
7.43,0.0267547,0.0341909,0.0173997,0.0273122
7.435,0.0272979,0.0348851,0.017437,0.0280838
7.44,0.0278512,0.0355922,0.0175973,0.0288489
7.445,0.0284148,0.0363124,0.0170591,0.0297257
7.45,0.0289889,0.0370461,0.0176099,0.0303607
7.455,0.0295737,0.0377934,0.017673,0.0311864
7.46,0.0301693,0.0385546,0.0177014,0.0319784
7.465,0.0307761,0.03933,0.0178484,0.032758
7.47,0.0313942,0.0401199,0.017814,0.0335914
7.475,0.0320237,0.0409244,0.0179294,0.0343913
7.48,0.032665,0.0417439,0.0181042,0.0351933
7.485,0.0333183,0.0425787,0.0183212,0.0359973
7.49,0.0339837,0.0434291,0.0186424,0.0367842
7.495,0.0346614,0.0442952,0.0188534,0.0376383
7.5,0.0353518,0.0451775,0.0192479,0.0384336
7.505,0.0360551,0.0460763,0.0195751,0.0393033
7.51,0.0367715,0.0469917,0.020025,0.0401351
7.515,0.0375012,0.0479242,0.0205553,0.0409507
7.52,0.0382444,0.0488741,0.0210413,0.0418518
7.525,0.0390016,0.0498417,0.0216423,0.0426881
7.53,0.0397728,0.0508272,0.0222434,0.0435895
7.535,0.0405584,0.0518311,0.0228941,0.0445344
7.54,0.0413586,0.0528538,0.0236296,0.0454377
7.545,0.0421737,0.0538954,0.024385,0.0463235
7.55,0.043004,0.0549565,0.025152,0.0472837
7.555,0.0438497,0.0560373,0.0259666,0.0482625
7.56,0.0447112,0.0571382,0.0268705,0.0492917
7.565,0.0455887,0.0582596,0.0278123,0.0502731
7.57,0.0464826,0.059402,0.0287213,0.0512319
7.575,0.0473931,0.0605655,0.0297342,0.0523095
7.58,0.0483206,0.0617508,0.0306904,0.0533013
7.585,0.0492653,0.0629581,0.0317862,0.0544156
7.59,0.0502276,0.0641879,0.0328803,0.0554787
7.595,0.0512079,0.0654406,0.0339921,0.0565542
7.6,0.0522064,0.0667166,0.0351254,0.0576457
7.605,0.0532235,0.0680164,0.036178,0.0587117
7.61,0.0542595,0.0693404,0.0373508,0.0598736
7.615,0.0553148,0.0706891,0.0385959,0.0610586
7.62,0.0563898,0.0720628,0.0399049,0.0622616
7.625,0.0574848,0.0734621,0.0413565,0.0635389
7.63,0.0586002,0.0748875,0.0425787,0.0645641
7.635,0.0597363,0.0763394,0.044983,0.0653127
7.64,0.0608936,0.0778184,0.0482235,0.0659383
7.645,0.0620725,0.0793249,0.0512041,0.066404
7.65,0.0632733,0.0808595,0.0534551,0.0668579
7.655,0.0644964,0.0824226,0.0552628,0.0676809
7.66,0.0657424,0.0840148,0.0546217,0.0684465
7.665,0.0670115,0.0856367,0.053055,0.0698875
7.67,0.0683043,0.0872888,0.0539062,0.0723162
7.675,0.0696211,0.0889716,0.0556055,0.0749227
7.68,0.0709625,0.0906858,0.0658069,0.0859537
7.685,0.0723288,0.0924319,0.0607142,0.0805092
7.69,0.0737206,0.0942105,0.0622222,0.0824097
7.695,0.0751383,0.0960222,0.0633758,0.0840357
7.7,0.0765823,0.0978676,0.0643481,0.0853524
7.705,0.0780533,0.0997475,0.0652588,0.0864007
7.71,0.0795517,0.101662,0.0658803,0.0872297
7.715,0.0810779,0.103613,0.0675198,0.0880229
7.72,0.0826326,0.1056,0.069023,0.0885692
7.725,0.0842163,0.107623,0.0707323,0.0890215
7.73,0.0858294,0.109685,0.0776778,0.0940171
7.735,0.0874725,0.111785,0.0756859,0.0898331
7.74,0.0891463,0.113924,0.0780893,0.0900415
7.745,0.0908512,0.116102,0.0802918,0.0903898
7.75,0.0925879,0.118322,0.0820375,0.090928
7.755,0.0943569,0.120582,0.0847432,0.0917821
7.76,0.0961588,0.122885,0.0874794,0.0927042
7.765,0.0979943,0.125231,0.0903879,0.0938886
7.77,0.0998639,0.12762,0.0933582,0.0954162
7.775,0.101768,0.130054,0.09628,0.0973397
7.78,0.103708,0.132533,0.0989758,0.0997971
7.785,0.105684,0.135058,0.101417,0.102795
7.79,0.107697,0.137631,0.103625,0.106235
7.795,0.109748,0.140251,0.105264,0.110225
7.8,0.111836,0.14292,0.107551,0.114151
7.805,-0.0860365,-0.109949,-0.0857158,-0.13521
7.81,-0.0838695,-0.10718,-0.0931592,-0.151035
7.815,-0.0816621,-0.104359,-0.0950517,-0.145034
7.82,-0.0794136,-0.101486,-0.095923,-0.139559
7.825,-0.0771233,-0.098559,-0.0957705,-0.134118
7.83,-0.0747903,-0.0955776,-0.0823656,-0.121215
7.835,-0.0724139,-0.0925406,-0.075978,-0.116282
7.84,-0.0699933,-0.0894472,-0.0763603,-0.115838
7.845,-0.0675275,-0.0862961,-0.0763957,-0.115075
7.85,-0.0650159,-0.0830864,-0.0762926,-0.113843
7.855,-0.0624574,-0.0798169,-0.075927,-0.112099
7.86,-0.0598514,-0.0764865,-0.0751535,-0.109864
7.865,-0.0571968,-0.0730941,-0.0738571,-0.107191
7.87,-0.0544928,-0.0696385,-0.0714944,-0.104835
7.875,-0.0517384,-0.0661186,-0.068653,-0.102379
7.88,-0.0489328,-0.0625332,-0.0646116,-0.0996886
7.885,-0.0460749,-0.058881,-0.0608508,-0.0959775
7.89,-0.0431638,-0.0551608,-0.0511358,-0.080899
7.895,-0.0401985,-0.0513713,-0.0554706,-0.0858772
7.9,-0.037178,-0.0475113,-0.0522869,-0.0830035
7.905,-0.0341012,-0.0435793,-0.0205691,-0.0532433
7.91,-0.0309672,-0.0395742,-0.0396534,-0.08352
7.915,-0.0277748,-0.0354945,-0.0387528,-0.0827289
7.92,-0.0245229,-0.0313388,-0.0380985,-0.0802433
7.925,-0.0212105,-0.0271058,-0.0381382,-0.0749077
7.93,-0.0178365,-0.0227939,-0.0353073,-0.0700198
7.935,-0.0143996,-0.0184018,-0.0339857,-0.0625121
7.94,-0.0108987,-0.0139279,-0.0185868,-0.0524741
7.945,-0.0073326,-0.00937062,-0.0153132,-0.0406686
7.95,-0.00370012,-0.00472853,-0.0253718,-0.0339414
7.955,-2.52576e-15,-3.21965e-15,-0.0224246,-0.0331251
7.96,4.50088e-05,-5.75185e-05,-0.016278,-0.0450922
7.965,9.08556e-05,-0.000116108,-0.0160973,-0.0535738
7.97,0.000137556,-0.000175788,-0.0166809,-0.0550397
7.975,0.000185126,-0.00023658,-0.0168147,-0.0542904
7.98,0.000233582,-0.000298504,-0.0165355,-0.050452
7.985,0.00028294,-0.00036158,-0.0124223,-0.0454375
7.99,0.000333217,-0.000425832,-0.00823527,-0.0394417
7.995,0.00038443,-0.000491279,-0.00200432,-0.0336801
8,0.000436597,-0.000557945,0.00324315,-0.0283258
8.005,0.000489736,-0.000625853,0.00729005,-0.0247362
8.01,0.000543863,-0.000695025,0.00787035,-0.0197081
8.015,0.000598999,-0.000765484,0.00749878,-0.0159754
8.02,0.000655161,-0.000837256,0.00596414,-0.0134208
8.025,0.000712369,-0.000910365,0.00342717,-0.0118313
8.03,0.000770642,-0.000984834,0.000225046,-0.0108612
8.035,0.00083,-0.00106069,-0.00318608,-0.0102974
8.04,0.000890463,-0.00113796,-0.00645678,-0.00999783
8.045,0.000952053,-0.00121667,-0.0093885,-0.00983123
8.05,0.00101479,-0.00129684,-0.0115008,-0.00974631
8.055,0.00107869,-0.0013785,-0.0122585,-0.0094983
8.06,0.00114379,-0.00146169,-0.012045,-0.00934048
8.065,0.00121009,-0.00154643,-0.0109599,-0.00920608
8.07,0.00127763,-0.00163274,-0.00980928,-0.0093328
8.075,0.00134643,-0.00172066,-0.00795151,-0.00905638
8.08,0.00141651,-0.00181022,-0.00559133,-0.00899022
8.085,0.0014879,-0.00190144,-0.00403462,-0.00889775
8.09,0.00156061,-0.00199436,-0.00299649,-0.00904525
8.095,0.00163468,-0.00208902,-0.00205447,-0.00924145
8.1,0.00171012,-0.00218543,-0.00108473,-0.00941407
8.105,0.00178697,-0.00228365,0.000329353,-0.00889131
8.11,0.00186526,-0.00238369,0.00228249,-0.0081321
8.115,0.001945,-0.00248559,0.0044133,-0.00739713
8.12,0.00202622,-0.00258939,0.00647022,-0.00671792
8.125,0.00210896,-0.00269512,0.0161195,0.0030097
8.13,0.00219324,-0.00280282,0.0091375,-0.0058808
8.135,0.00227908,-0.00291253,0.00918118,-0.00764006
8.14,0.00236653,-0.00302428,0.00904117,-0.00760788
8.145,0.0024556,-0.00313811,0.00945411,-0.00748451
8.15,0.00254633,-0.00325406,0.00982884,-0.00706426
8.155,0.00263876,-0.00337217,0.0103087,-0.00679411
8.16,0.0027329,-0.00349248,0.0106963,-0.00653638
8.165,0.00282879,-0.00361503,0.0111073,-0.00638467
8.17,0.00292647,-0.00373986,0.0246521,0.00947072
8.175,0.00302597,-0.00386701,0.0106274,-0.00562679
8.18,0.00312733,-0.00399654,0.0102325,-0.00565518
8.185,0.00323057,-0.00412847,0.00973379,-0.00577555
8.19,0.00333573,-0.00426286,0.0092334,-0.00600429
8.195,0.00344285,-0.00439975,0.00872757,-0.00625342
8.2,0.00355196,-0.0045392,0.00843672,-0.00657448
8.205,0.00366311,-0.00468123,0.00802789,-0.0067186
8.21,0.00377633,-0.00482592,0.0074285,-0.00673916
8.215,0.00389165,-0.00497329,0.00703029,-0.00686991
8.22,0.00400912,-0.00512342,0.0067314,-0.00697973
8.225,0.00412878,-0.00527633,0.0065458,-0.00706301
8.23,0.00425067,-0.0054321,0.00647946,-0.00711797
8.235,0.00437482,-0.00559076,0.00653235,-0.0071426
8.24,0.00450129,-0.00575238,0.0067014,-0.00713654
8.245,0.00463011,-0.00591701,0.00698139,-0.00710114
8.25,0.00476134,-0.0060847,0.00736532,-0.00703904
8.255,0.004895,-0.00625552,0.00784471,-0.0069537
8.26,0.00503115,-0.00642951,0.00840984,-0.00684896
8.265,0.00516984,-0.00660675,0.00905004,-0.00672889
8.27,0.00531111,-0.00678729,0.00975355,-0.00659726
8.275,0.00545502,-0.00697118,0.0105089,-0.00645795
8.28,0.0056016,-0.00715851,0.0113046,-0.00631474
8.285,0.00575091,-0.00734932,0.012129,-0.00617081
8.29,0.005903,-0.00754368,0.0129709,-0.00602915
8.295,0.00605792,-0.00774166,0.0138196,-0.00589255
8.3,0.00621573,-0.00794333,0.0146654,-0.00576358
8.305,0.00637647,-0.00814875,0.0157587,-0.00570317
8.31,0.00654021,-0.008358,0.0163713,-0.00549234
8.315,0.006707,-0.00857115,0.0170998,-0.00539075
8.32,0.00687689,-0.00878826,0.0178213,-0.00531406
8.325,0.00704995,-0.00900942,0.0185198,-0.00526011
8.33,0.00722623,-0.00923469,0.0277723,0.00369964
8.335,0.00740579,-0.00946416,0.0195479,-0.00531035
8.34,0.0075887,-0.0096979,0.0202441,-0.00538524
8.345,0.00777501,-0.00993599,0.0208353,-0.00549145
8.35,0.00796479,-0.0101785,0.0210914,-0.0055892
8.355,0.0081581,-0.0104256,0.0217516,-0.00583243
8.36,0.00835501,-0.0106772,0.0221945,-0.0060075
8.365,0.00855559,-0.0109335,0.0222614,-0.00613598
8.37,0.00875991,-0.0111946,0.0227297,-0.00639179
8.375,0.00896803,-0.0114606,0.0229854,-0.00657743
8.38,0.00918002,-0.0117315,0.0231483,-0.00675773
8.385,0.00939596,-0.0120075,0.0232487,-0.0069362
8.39,0.00961592,-0.0122886,0.0233053,-0.00711348
8.395,0.00983998,-0.0125749,0.0233327,-0.00728997
8.4,0.0100682,-0.0128666,0.023342,-0.00746581
8.405,0.0103007,-0.0131637,0.0233413,-0.00764113
8.41,0.0105375,-0.0134663,0.0233369,-0.00781638
8.415,0.0107787,-0.0137745,0.0233328,-0.00799241
8.42,0.0110244,-0.0140886,0.0233313,-0.00817062
8.425,0.0112747,-0.0144084,0.0230691,-0.00832019
8.43,0.0115296,-0.0147342,0.0230299,-0.00853165
8.435,0.0117893,-0.0150661,0.0233278,-0.00878711
8.44,0.0120539,-0.0154041,0.0234381,-0.00900131
8.445,0.0123233,-0.0157485,0.0234852,-0.00922018
8.45,0.0125978,-0.0160992,0.023245,-0.0094249
8.455,0.0128774,-0.0164565,0.0232046,-0.00969132
8.46,0.0131622,-0.0168204,0.0232211,-0.00998296
8.465,0.0134522,-0.0171912,0.0235005,-0.0103183
8.47,0.0137477,-0.0175688,0.0233075,-0.0106135
8.475,0.0140487,-0.0179534,0.0234949,-0.0109804
8.48,0.0143553,-0.0183452,0.023493,-0.0113383
8.485,0.0146676,-0.0187443,0.0234183,-0.0117128
8.49,0.0149857,-0.0191509,0.0233085,-0.0121083
8.495,0.0153098,-0.019565,0.0229375,-0.0125088
8.5,0.0156399,-0.0199868,0.0230025,-0.0129732
8.505,0.0159761,-0.0204165,0.0226724,-0.013423
8.51,0.0163186,-0.0208542,0.0225003,-0.0139086
8.515,0.0166674,-0.0213,0.022368,-0.0144147
8.52,0.0170228,-0.0217541,0.0222391,-0.0149346
8.525,0.0173848,-0.0222167,0.0223271,-0.0154763
8.53,0.0177535,-0.0226879,0.0221993,-0.0160109
8.535,0.0181291,-0.0231679,0.0217908,-0.0165389
8.54,0.0185116,-0.0236568,0.0215728,-0.0170866
8.545,0.0189013,-0.0241548,0.0216174,-0.0176542
8.55,0.0192983,-0.024662,0.0212665,-0.0182128
8.555,0.0197026,-0.0251788,0.0210732,-0.0187782
8.56,0.0201145,-0.0257051,0.0209267,-0.0193529
8.565,0.020534,-0.0262413,0.0207959,-0.0199326
8.57,0.0209614,-0.0267874,0.0208651,-0.0205186
8.575,0.0213967,-0.0273437,0.020749,-0.0211073
8.58,0.0218401,-0.0279104,0.0204167,-0.0216938
8.585,0.0222918,-0.0284876,0.0204642,-0.0222812
8.59,0.0227519,-0.0290755,0.0203849,-0.0228846
8.595,0.0232205,-0.0296744,0.0202894,-0.0234891
8.6,0.0236979,-0.0302845,0.020042,-0.0241022
8.605,0.0241842,-0.0309059,0.0199919,-0.0247133
8.61,0.0246795,-0.0315389,0.0199928,-0.025339
8.615,0.025184,-0.0321837,0.0200091,-0.0259759
8.62,0.025698,-0.0328404,0.0230283,-0.0270711
8.625,0.0262215,-0.0335095,0.0198457,-0.0274535
8.63,0.0267547,-0.0341909,0.0199908,-0.0281109
8.635,0.0272979,-0.0348851,0.0201176,-0.0287863
8.64,0.0278512,-0.0355922,0.0202115,-0.0294769
8.645,0.0284148,-0.0363124,0.0202814,-0.0301854
8.65,0.0289889,-0.0370461,0.02034,-0.0309132
8.655,0.0295737,-0.0377934,0.0203999,-0.0316608
8.66,0.0301693,-0.0385546,0.0204721,-0.0324276
8.665,0.0307761,-0.03933,0.0205655,-0.0332127
8.67,0.0313942,-0.0401199,0.0206867,-0.034015
8.675,0.0320237,-0.0409244,0.0208407,-0.0348333
8.68,0.032665,-0.0417439,0.0210302,-0.0356665
8.685,0.0333183,-0.0425787,0.0212571,-0.0365135
8.69,0.0339837,-0.0434291,0.0215221,-0.0373735
8.695,0.0346614,-0.0442952,0.0218782,-0.0382245
8.7,0.0353518,-0.0451775,0.0221882,-0.0391307
8.705,0.0360551,-0.0460763,0.0225425,-0.0400455
8.71,0.0367715,-0.0469917,0.0229209,-0.0409932
8.715,0.0375012,-0.0479242,0.023414,-0.0418997
8.72,0.0382444,-0.0488741,0.0239367,-0.0428139
8.725,0.0390016,-0.0498417,0.0244716,-0.0437354
8.73,0.0397728,-0.0508272,0.0250183,-0.0446653
8.735,0.0405584,-0.0518311,0.0255804,-0.0456054
8.74,0.0413586,-0.0528538,0.0261623,-0.0465564
8.745,0.0421737,-0.0538954,0.026768,-0.047519
8.75,0.0430039,-0.0549565,0.027401,-0.0484931
8.755,0.0438497,-0.0560373,0.0280646,-0.0494786
8.76,0.0447112,-0.0571382,0.0287199,-0.0504413
8.765,0.0455887,-0.0582596,0.0294246,-0.0514804
8.77,0.0464826,-0.059402,0.0302551,-0.0525687
8.775,0.0473931,-0.0605655,0.0311228,-0.0535988
8.78,0.0483206,-0.0617508,0.031944,-0.0545972
8.785,0.0492653,-0.0629581,0.0329161,-0.055715
8.79,0.0502276,-0.0641879,0.0338935,-0.0567737
8.795,0.0512079,-0.0654406,0.0348889,-0.0578402
8.8,0.0522064,-0.0667166,0.0501522,-0.0762748
8.805,0.0532235,-0.0680164,0.0385359,-0.0609471
8.81,0.0542595,-0.0693404,0.0399097,-0.0618329
8.815,0.0553148,-0.0706891,0.0407812,-0.062673
8.82,0.0563898,-0.0720628,0.0415338,-0.0632952
8.825,0.0574848,-0.0734621,0.0433917,-0.0635545
8.83,0.0586002,-0.0748875,0.0457142,-0.0636691
8.835,0.0597363,-0.0763394,0.0481118,-0.0637114
8.84,0.0608936,-0.0778184,0.0500356,-0.063924
8.845,0.0620725,-0.0793249,0.050831,-0.0643335
8.85,0.0632733,-0.0808595,0.0516383,-0.0653703
8.855,0.0644964,-0.0824226,0.0521018,-0.0669615
8.86,0.0657424,-0.0840148,0.0515893,-0.0687514
8.865,0.0670115,-0.0856367,0.0518411,-0.0706623
8.87,0.0683043,-0.0872888,0.0542584,-0.0732397
8.875,0.0696211,-0.0889716,0.0569963,-0.0761123
8.88,0.0709625,-0.0906858,0.0590076,-0.0792592
8.885,0.0723288,-0.0924319,0.0602533,-0.0823518
8.89,0.0737206,-0.0942105,0.0603633,-0.0849683
8.895,0.0751383,-0.0960222,0.0596373,-0.087089
8.9,0.0765823,-0.0978676,0.0598676,-0.0884274
8.905,0.0780533,-0.0997475,0.0605969,-0.0890599
8.91,0.0795517,-0.101662,0.0617292,-0.0892987
8.915,0.0810779,-0.103613,0.063232,-0.0893304
8.92,0.0826326,-0.1056,0.0650495,-0.0892609
8.925,0.0842163,-0.107623,0.0671301,-0.0891694
8.93,0.0858294,-0.109685,0.0694346,-0.0891297
8.935,0.0874725,-0.111785,0.0719453,-0.089244
8.94,0.0891463,-0.113924,0.074538,-0.089392
8.945,0.0908512,-0.116102,0.0772596,-0.0896753
8.95,0.0925878,-0.118322,0.0800958,-0.0901992
8.955,0.0943568,-0.120582,0.0829837,-0.0910506
8.96,0.0961588,-0.122885,0.0858724,-0.0922986
8.965,0.0979943,-0.125231,0.0886308,-0.093997
8.97,0.0998639,-0.12762,0.0909981,-0.096176
8.975,0.101768,-0.130054,0.0933516,-0.0987876
8.98,0.103708,-0.132533,0.0956098,-0.101794
8.985,0.105684,-0.135058,0.0976915,-0.105096
8.99,0.107697,-0.137631,0.11924,-0.126229
8.995,0.109748,-0.140251,0.102982,-0.11259
9,0.111836,-0.14292,0.103859,-0.114647
9.005,-0.0860365,0.109949,-0.0833682,0.130034
9.01,-0.0838695,0.10718,-0.100254,0.156434
9.015,-0.0816621,0.104359,-0.103491,0.149876
9.02,-0.0794136,0.101486,-0.10513,0.143631
9.025,-0.0771233,0.098559,-0.0949615,0.130853
9.03,-0.0747903,0.0955776,-0.0828882,0.121343
9.035,-0.0724139,0.0925406,-0.0836231,0.120137
9.04,-0.0699932,0.0894472,-0.0832967,0.118825
9.045,-0.0675275,0.0862961,-0.082281,0.117146
9.05,-0.0650159,0.0830864,-0.080708,0.115023
9.055,-0.0624574,0.0798169,-0.0789473,0.11188
9.06,-0.0598514,0.0764865,-0.0756718,0.109321
9.065,-0.0571968,0.0730941,-0.0730914,0.105734
9.07,-0.0544928,0.0696385,-0.0693612,0.102863
9.075,-0.0517384,0.0661186,-0.0663035,0.0997225
9.08,-0.0489328,0.0625332,-0.0574904,0.0926559
9.085,-0.0460749,0.058881,-0.0533684,0.0897278
9.09,-0.0431638,0.0551608,-0.0522922,0.0888194
9.095,-0.0401985,0.0513713,-0.0498294,0.0886269
9.1,-0.037178,0.0475113,-0.0485221,0.0865044
9.105,-0.0341012,0.0435793,-0.0452095,0.0850438
9.11,-0.0309672,0.0395742,-0.0430885,0.0820652
9.115,-0.0277748,0.0354945,-0.0411314,0.0780896
9.12,-0.0245229,0.0313388,-0.0404739,0.0723616
9.125,-0.0212105,0.0271058,-0.0437504,0.0635495
9.13,-0.0178365,0.0227939,-0.0359903,0.0579333
9.135,-0.0143996,0.0184018,-0.0224589,0.0532595
9.14,-0.0108987,0.0139279,-0.0211026,0.0520726
9.145,-0.0073326,0.00937062,-0.0199951,0.0505607
9.15,-0.00370012,0.00472853,-0.0189628,0.0484546
9.155,-2.52576e-15,3.21965e-15,-0.0178239,0.0455621
9.16,-2.52519e-15,4.24148e-05,-0.0137711,0.0518746
9.165,-2.52461e-15,8.56194e-05,-0.0136763,0.0582669
9.17,-2.52402e-15,0.000129629,-0.0159789,0.0544828
9.175,-2.52342e-15,0.000174457,-0.0161321,0.0491257
9.18,-2.52281e-15,0.00022012,-0.0142518,0.0437217
9.185,-2.52218e-15,0.000266634,-0.0110641,0.0386728
9.19,-2.52155e-15,0.000314013,-0.00729745,0.0342049
9.195,-2.5209e-15,0.000362275,-0.00447702,0.0293479
9.2,-2.52024e-15,0.000411436,-0.000151978,0.0265654
9.205,-2.51957e-15,0.000461511,0.00113877,0.0224401
9.21,-2.51889e-15,0.00051252,0.00223933,0.0195099
9.215,-2.51819e-15,0.000564477,0.00270466,0.0173839
9.22,-2.51748e-15,0.000617403,0.00272385,0.0158282
9.225,-2.51676e-15,0.000671314,0.00145736,0.0147085
9.23,-2.51603e-15,0.000726229,0.000642816,0.0123293
9.235,-2.51528e-15,0.000782166,0.00055661,0.0100745
9.24,-2.51451e-15,0.000839145,0.000636574,0.00818907
9.245,-2.51373e-15,0.000897184,-0.000381118,0.00796745
9.25,-2.51294e-15,0.000956305,-0.00206356,0.00757982
9.255,-2.51213e-15,0.00101653,-0.00287843,0.00593248
9.26,-2.51131e-15,0.00107787,-0.00307909,0.00458371
9.265,-2.51048e-15,0.00114035,-0.00267889,0.00337162
9.27,-2.50962e-15,0.001204,-0.00240594,0.0034572
9.275,-2.50875e-15,0.00126883,-0.00368273,0.00437023
9.28,-2.50787e-15,0.00133488,-0.00505028,0.00458459
9.285,-2.50697e-15,0.00140215,-0.00531522,0.00391553
9.29,-2.50605e-15,0.00147067,-0.00472458,0.00333095
9.295,-2.50511e-15,0.00154047,-0.00367406,0.00285747
9.3,-2.50416e-15,0.00161157,-0.00244689,0.00251143
9.305,-2.50319e-15,0.00168399,-0.00115374,0.00220394
9.31,-2.5022e-15,0.00175776,-9.73587e-05,0.0022345
9.315,-2.50119e-15,0.0018329,0.000354538,0.0032279
9.32,-2.50017e-15,0.00190945,-0.000410048,0.00504714
9.325,-2.49912e-15,0.00198742,-0.000960169,0.00544718
9.33,-2.49806e-15,0.00206684,-0.000957281,0.00564653
9.335,-2.49698e-15,0.00214774,-0.000628842,0.00579242
9.34,-2.49587e-15,0.00223014,-0.000143951,0.00589116
9.345,-2.49475e-15,0.00231408,0.00037645,0.00594731
9.35,-2.4936e-15,0.00239958,0.000858353,0.00605369
9.355,-2.49243e-15,0.00248668,0.0012621,0.00594199
9.36,-2.49124e-15,0.0025754,0.00155583,0.00568887
9.365,-2.49003e-15,0.00266577,0.00172425,0.00557263
9.37,-2.4888e-15,0.00275782,0.0253703,-0.0251399
9.375,-2.48754e-15,0.00285158,0.00143305,0.00497475
9.38,-2.48626e-15,0.00294709,0.000979716,0.0051421
9.385,-2.48496e-15,0.00304438,0.000470413,0.00539623
9.39,-2.48363e-15,0.00314348,5.24855e-05,0.00577168
9.395,-2.48228e-15,0.00324443,-0.000238745,0.00618948
9.4,-2.4809e-15,0.00334726,-0.000551791,0.00630227
9.405,-2.4795e-15,0.003452,-0.000733296,0.00645733
9.41,-2.47807e-15,0.00355869,-0.000852235,0.00652257
9.415,-2.47661e-15,0.00366737,-0.000894909,0.00649445
9.42,-2.47513e-15,0.00377807,-0.000853881,0.00638044
9.425,-2.47362e-15,0.00389083,-0.000641152,0.00626292
9.43,-2.47208e-15,0.00400569,-0.00048488,0.00586881
9.435,-2.47051e-15,0.00412269,-0.000182015,0.00554675
9.44,-2.46891e-15,0.00424187,0.000187357,0.00519592
9.445,-2.46728e-15,0.00436327,0.0182551,-0.0186476
9.45,-2.46563e-15,0.00448693,0.000983535,0.00406315
9.455,-2.46394e-15,0.00461289,0.00133171,0.00392861
9.46,-2.46222e-15,0.0047412,0.00179126,0.00387507
9.465,-2.46047e-15,0.0048719,0.00241625,0.00393934
9.47,-2.45868e-15,0.00500503,0.0031313,0.00400839
9.475,-2.45687e-15,0.00514063,0.00390309,0.00405678
9.48,-2.45502e-15,0.00527877,0.00470037,0.00407145
9.485,-2.45313e-15,0.00541947,0.0054967,0.00404748
9.49,-2.45121e-15,0.0055628,0.00627306,0.00398622
9.495,-2.44925e-15,0.00570879,0.0156597,-0.005949
9.5,-2.44726e-15,0.00585751,0.00763352,0.00364646
9.505,-2.44523e-15,0.00600899,0.00829885,0.00363668
9.51,-2.44316e-15,0.00616329,0.00875499,0.00351539
9.515,-2.44106e-15,0.00632047,0.0093059,0.00351064
9.52,-2.43891e-15,0.00648057,0.00984277,0.00350574
9.525,-2.43673e-15,0.00664365,0.0103564,0.0034905
9.53,-2.4345e-15,0.00680977,0.0109724,0.00351052
9.535,-2.43223e-15,0.00697898,0.0113094,0.00338217
9.54,-2.42992e-15,0.00715135,0.0116853,0.00332294
9.545,-2.42757e-15,0.00732692,0.0120208,0.00326467
9.55,-2.42517e-15,0.00750576,0.0123195,0.00320889
9.555,-2.42273e-15,0.00768794,0.0125863,0.00315959
9.56,-2.42024e-15,0.0078735,0.0128252,0.00311961
9.565,-2.41771e-15,0.00806252,0.013182,0.00313121
9.57,-2.41513e-15,0.00825506,0.0134085,0.00308374
9.575,-2.4125e-15,0.00845118,0.0134464,0.0030111
9.58,-2.40982e-15,0.00865096,0.0135632,0.00302731
9.585,-2.4071e-15,0.00885446,0.0136862,0.00307159
9.59,-2.40432e-15,0.00906174,0.0138126,0.00314157
9.595,-2.40149e-15,0.00927289,0.0140847,0.0032677
9.6,-2.39861e-15,0.00948796,0.0142438,0.00335541
9.605,-2.39567e-15,0.00970704,0.0142218,0.00343149
9.61,-2.39268e-15,0.0099302,0.0142873,0.00358617
9.615,-2.38964e-15,0.0101575,0.0143649,0.00376662
9.62,-2.38653e-15,0.0103891,0.0144431,0.00396915
9.625,-2.38337e-15,0.0106249,0.0146596,0.00421588
9.63,-2.38015e-15,0.0108652,0.0146043,0.00440629
9.635,-2.37687e-15,0.0111099,0.0146105,0.0046569
9.64,-2.37353e-15,0.0113592,0.0146149,0.0049237
9.645,-2.37013e-15,0.0116131,0.0146052,0.00520318
9.65,-2.36666e-15,0.0118718,0.014721,0.00551264
9.655,-2.36313e-15,0.0121352,0.0147,0.00578928
9.66,-2.35954e-15,0.0124036,0.0146161,0.00607103
9.665,-2.35587e-15,0.012677,0.0143463,0.00634342
9.67,-2.35214e-15,0.0129554,0.0143014,0.00667466
9.675,-2.34834e-15,0.0132391,0.0140139,0.00696511
9.68,-2.34447e-15,0.013528,0.0137964,0.00729387
9.685,-2.34052e-15,0.0138223,0.0135908,0.007629
9.69,-2.33651e-15,0.0141221,0.0133801,0.00796779
9.695,-2.33241e-15,0.0144275,0.0131573,0.00830921
9.7,-2.32824e-15,0.0147385,0.0130559,0.00866187
9.705,-2.324e-15,0.0150554,0.0194334,0.00378294
9.71,-2.31967e-15,0.0153781,0.012029,0.00942808
9.715,-2.31527e-15,0.0157069,0.0115264,0.00980771
9.72,-2.31078e-15,0.0160417,0.0112021,0.0102157
9.725,-2.30621e-15,0.0163829,0.0109485,0.0106501
9.73,-2.30155e-15,0.0167303,0.0107017,0.0110865
9.735,-2.29681e-15,0.0170843,0.0104399,0.0115201
9.74,-2.29198e-15,0.0174448,0.0101528,0.0119482
9.745,-2.28706e-15,0.017812,0.00983603,0.0123695
9.75,-2.28204e-15,0.0181861,0.0094896,0.012784
9.755,-2.27694e-15,0.0185671,0.00911626,0.0131927
9.76,-2.27174e-15,0.0189553,0.00872026,0.0135969
9.765,-2.26644e-15,0.0193506,0.00842353,0.0139977
9.77,-2.26104e-15,0.0197534,0.00789821,0.0143891
9.775,-2.25554e-15,0.0201636,0.00742693,0.0147892
9.78,-2.24994e-15,0.0205814,0.00697793,0.015192
9.785,-2.24424e-15,0.0210071,0.00653643,0.0155989
9.79,-2.23843e-15,0.0214406,0.00609934,0.0160117
9.795,-2.23251e-15,0.0218823,0.00566622,0.0164318
9.8,-2.22648e-15,0.0223321,0.00523733,0.0168609
9.805,-2.22034e-15,0.0227904,0.00481286,0.0173001
9.81,-2.21409e-15,0.0232572,0.00439313,0.0177505
9.815,-2.20771e-15,0.0237326,0.00397885,0.0182134
9.82,-2.20122e-15,0.0242169,0.00356834,0.0186894
9.825,-2.19461e-15,0.0247103,0.00316071,0.0191786
9.83,-2.18788e-15,0.0252128,0.00275586,0.0196817
9.835,-2.18102e-15,0.0257247,0.00235347,0.020199
9.84,-2.17403e-15,0.0262461,0.00195316,0.0207307
9.845,-2.16691e-15,0.0267772,0.0016314,0.0212659
9.85,-2.15966e-15,0.0273182,0.00145245,0.0219694
9.855,-2.15228e-15,0.0278693,0.000638171,0.0224889
9.86,-2.14476e-15,0.0284306,0.000318235,0.0230609
9.865,-2.13709e-15,0.0290024,-0.000117516,0.0236705
9.87,-2.12929e-15,0.0295849,-0.000517539,0.0242748
9.875,-2.12134e-15,0.0301782,-0.000845964,0.0248745
9.88,-2.11324e-15,0.0307825,-0.0012913,0.0255173
9.885,-2.10499e-15,0.0313981,-0.001697,0.0267113
9.89,-2.09659e-15,0.0320251,-0.00223757,0.0269028
9.895,-2.08803e-15,0.0326638,-0.00259062,0.0275234
9.9,-2.07931e-15,0.0333145,-0.00290169,0.028152
9.905,-2.07043e-15,0.0339772,-0.00332222,0.0288272
9.91,-2.06138e-15,0.0346523,-0.00372497,0.0294859
9.915,-2.05216e-15,0.0353399,-0.00407905,0.030133
9.92,-2.04278e-15,0.0360403,-0.0044893,0.0308336
9.925,-2.03322e-15,0.0367538,-0.00484304,0.0314959
9.93,-2.02348e-15,0.0374806,-0.00519842,0.0321939
9.935,-2.01355e-15,0.0382209,-0.00556298,0.0329205
9.94,-2.00345e-15,0.038975,-0.00588158,0.0336217
9.945,-1.99316e-15,0.0397431,-0.00616693,0.034327
9.95,-1.98267e-15,0.0405256,-0.00643214,0.0350384
9.955,-1.97199e-15,0.0413226,-0.00667955,0.0357568
9.96,-1.96111e-15,0.0421344,-0.00690843,0.0364831
9.965,-1.95003e-15,0.0429614,-0.00711745,0.0372183
9.97,-1.93874e-15,0.0438037,-0.00731341,0.0379396
9.975,-1.92724e-15,0.0446618,-0.00747462,0.0387345
9.98,-1.91553e-15,0.0455358,-0.00761716,0.0395008
9.985,-1.9036e-15,0.0464261,-0.00773101,0.0402743
9.99,-1.89144e-15,0.0473329,-0.00782383,0.0410572
9.995,-1.87906e-15,0.0482567,-0.00789827,0.04185
10,-1.86645e-15,0.0491977,-0.0079549,0.0426537
10.005,-1.85361e-15,0.0501561,-0.00799368,0.0434691
10.01,-1.84053e-15,0.0511325,-0.00801454,0.0442968
10.015,-1.8272e-15,0.052127,-0.00801752,0.0451374
10.02,-1.81362e-15,0.05314,-0.00811115,0.0459967
10.025,-1.79979e-15,0.0541719,-0.00809208,0.0466756
10.03,-1.78571e-15,0.055223,-0.00688406,0.0471314
10.035,-1.77136e-15,0.0562936,-0.00529081,0.0468872
10.04,-1.75674e-15,0.0573842,-0.00382298,0.0470984
10.045,-1.74186e-15,0.0584951,-0.00310463,0.0475405
10.05,-1.72669e-15,0.0596267,-0.00314795,0.0481905
10.055,-1.71125e-15,0.0607794,-0.0037808,0.0490725
10.06,-1.69551e-15,0.0619535,-0.00542469,0.0494083
10.065,-1.67948e-15,0.0631495,-0.00695585,0.0499075
10.07,-1.66316e-15,0.0643678,-0.00808697,0.0513586
10.075,-1.64653e-15,0.0656087,-0.00879737,0.0530122
10.08,-1.62959e-15,0.0668728,-0.00874679,0.0546955
10.085,-1.61233e-15,0.0681604,-0.00790844,0.0563202
10.09,-1.59476e-15,0.0694719,-0.00638798,0.0578137
10.095,-1.57685e-15,0.0708079,-0.00379782,0.0681612
10.1,-1.55862e-15,0.0721688,-0.000275754,0.0606906
10.105,-1.54004e-15,0.073555,0.00229068,0.0612214
10.11,-1.52112e-15,0.074967,0.00915812,0.073893
10.115,-1.50184e-15,0.0764053,0.00829796,0.0622362
10.12,-1.48221e-15,0.0778704,0.010171,0.062196
10.125,-1.46221e-15,0.0793627,0.0113944,0.0621019
10.13,-1.44184e-15,0.0808829,0.0121094,0.0620387
10.135,-1.42109e-15,0.0824313,0.0124892,0.0620984
10.14,-1.39995e-15,0.0840086,0.0126636,0.0623049
10.145,-1.37842e-15,0.0856153,0.0127579,0.0626575
10.15,-1.35649e-15,0.0872519,0.0128525,0.0631767
10.155,-1.33414e-15,0.0889189,0.0129504,0.0638917
10.16,-1.31139e-15,0.090617,0.0130081,0.0648346
10.165,-1.28821e-15,0.0923467,0.0128747,0.0660155
10.17,-1.2646e-15,0.0941086,0.0128573,0.0676721
10.175,-1.24055e-15,0.0959033,0.0125786,0.0695431
10.18,-1.21605e-15,0.0977315,0.0121325,0.0717534
10.185,-1.19109e-15,0.0995936,0.0116697,0.0741343
10.19,-1.16567e-15,0.101491,0.011223,0.0766418
10.195,-1.13978e-15,0.103423,0.0106469,0.0792959
10.2,-1.1134e-15,0.105391,0.0101241,0.0817403
10.205,-1.08654e-15,0.107396,0.00959494,0.0840509
10.21,-0.00326422,0.104226,0.00910265,0.0861696
