0,0.049778,-0.129425,0.0497779,-0.129425
0.005,0.0497542,-0.129425,0.0709582,-0.135286
0.01,0.04973,-0.129425,0.10427,-0.134931
0.015,0.0497053,-0.129425,0.105972,-0.132062
0.02,0.0496801,-0.129425,0.100713,-0.131654
0.025,0.0496545,-0.129425,0.0944028,-0.131159
0.03,0.0496284,-0.129425,0.0883822,-0.130735
0.035,0.0496018,-0.129425,0.0831713,-0.13036
0.04,0.0495748,-0.129425,0.0787517,-0.130053
0.045,0.0495472,-0.129425,0.0750561,-0.129803
0.05,0.0495191,-0.129425,0.0719867,-0.129603
0.055,0.0494904,-0.129425,0.0373368,-0.123651
0.06,0.0494613,-0.129425,-0.0731517,-0.119408
0.065,0.0494316,-0.129425,-0.1139,-0.119228
0.07,0.0494013,-0.129425,-0.0945667,-0.12068
0.075,0.0493705,-0.129425,-0.0508858,-0.122499
0.08,0.0493392,-0.129425,-0.00349515,-0.124075
0.085,0.0493072,-0.129425,0.0374057,-0.125218
0.09,0.0492746,-0.129425,0.0679423,-0.125972
0.095,0.0492415,-0.129425,0.0877966,-0.126461
0.1,0.0492077,-0.129425,0.0984391,-0.126814
0.105,0.0491733,-0.129425,0.102042,-0.127122
0.11,0.0491382,-0.129425,0.100843,-0.127437
0.115,0.0491025,-0.129425,0.0968109,-0.127779
0.12,0.0490661,-0.129425,0.0914968,-0.128148
0.125,0.0490291,-0.129425,0.0860128,-0.12853
0.13,0.0489913,-0.129425,0.0810723,-0.128912
0.135,0.0489529,-0.129425,0.0770648,-0.129279
0.14,0.0489137,-0.129425,0.0741387,-0.129619
0.145,0.0488739,-0.129425,0.0722904,-0.129915
0.15,0.0488332,-0.129425,0.0714372,-0.130156
0.155,0.0487919,-0.129425,0.071429,-0.130348
0.16,0.0487497,-0.129425,0.0720613,-0.130501
0.165,0.0487068,-0.129425,0.0731186,-0.130618
0.17,0.048663,-0.129425,0.0744001,-0.130703
0.175,0.0486185,-0.129425,0.075744,-0.130757
0.18,0.0485731,-0.129425,0.0770286,-0.130777
0.185,0.0485269,-0.129425,0.0781693,-0.130759
0.19,0.0484798,-0.129425,0.0791123,-0.130702
0.195,0.0484319,-0.129425,0.0798249,-0.130607
0.2,0.048383,-0.129425,0.0802889,-0.130477
0.205,0.0483333,-0.129425,0.080498,-0.130317
0.21,0.0482826,-0.129425,0.0804559,-0.13013
0.215,0.048231,-0.129425,0.0801748,-0.129922
0.22,0.0481784,-0.129425,0.0796746,-0.129699
0.225,0.0481248,-0.129425,0.078981,-0.129468
0.23,0.0480703,-0.129425,0.078124,-0.129234
0.235,0.0480147,-0.129425,0.0771359,-0.129004
0.24,0.0479581,-0.129425,0.07605,-0.128784
0.245,0.0479004,-0.129425,0.0748983,-0.12858
0.25,0.0478417,-0.129425,0.0737104,-0.128394
0.255,0.0477819,-0.129425,0.072512,-0.128232
0.26,0.0477209,-0.129425,0.0713195,-0.128098
0.265,0.0476588,-0.129425,0.0701444,-0.128
0.27,0.0475956,-0.129425,0.0690023,-0.127937
0.275,0.0475312,-0.129425,0.0679034,-0.127905
0.28,0.0474656,-0.129425,0.0668526,-0.127901
0.285,0.0473988,-0.129425,0.0658505,-0.127922
0.29,0.0473307,-0.129425,0.064895,-0.127963
0.295,0.0472614,-0.129425,0.0639821,-0.128019
0.3,0.0471908,-0.129425,0.0631068,-0.128087
0.305,0.0471188,-0.129425,0.0622633,-0.128162
0.31,0.0470456,-0.129425,0.0614464,-0.128241
0.315,0.0469709,-0.129425,0.0606507,-0.128319
0.32,0.0468949,-0.129425,0.0598717,-0.128395
0.325,0.0468175,-0.129425,0.0591051,-0.128466
0.33,0.0467386,-0.129425,0.0583432,-0.128533
0.335,0.0466582,-0.129425,0.0575781,-0.128599
0.34,0.0465764,-0.129425,0.0568096,-0.128664
0.345,0.046493,-0.129425,0.0560381,-0.128727
0.35,0.0464081,-0.129425,0.0552644,-0.128787
0.355,0.0463216,-0.129425,0.0544894,-0.128842
0.36,0.0462335,-0.129425,0.0537143,-0.128892
0.365,0.0461438,-0.129425,0.0529407,-0.128936
0.37,0.0460524,-0.129425,0.0521708,-0.128975
0.375,0.0459592,-0.129425,0.0514068,-0.129007
0.38,0.0458644,-0.129425,0.0506512,-0.129033
0.385,0.0457678,-0.129425,0.0499067,-0.129053
0.39,0.0456694,-0.129425,0.0491758,-0.129067
0.395,0.0455691,-0.129425,0.048461,-0.129076
0.4,0.045467,-0.129425,0.0477649,-0.12908
0.405,0.045363,-0.129425,0.0470895,-0.129079
0.41,0.0452571,-0.129425,0.0464371,-0.129074
0.415,0.0451492,-0.129425,0.0458094,-0.129065
0.42,0.0450393,-0.129425,0.0452082,-0.129053
0.425,0.0449273,-0.129425,0.0446348,-0.129039
0.43,0.0448133,-0.129425,0.0440906,-0.129023
0.435,0.0446971,-0.129425,0.0435764,-0.129005
0.44,0.0445788,-0.129425,0.0430932,-0.128985
0.445,0.0444583,-0.129425,0.0426416,-0.128965
0.45,0.0443355,-0.129425,0.0422223,-0.128945
0.455,0.0442104,-0.129425,0.0418359,-0.128925
0.46,0.0440831,-0.129425,0.0414829,-0.128906
0.465,0.0439533,-0.129425,0.0411637,-0.128887
0.47,0.0438211,-0.129425,0.0408786,-0.12887
0.475,0.0436865,-0.129425,0.0406274,-0.128854
0.48,0.0435494,-0.129425,0.0404101,-0.12884
0.485,0.0434097,-0.129425,0.0402262,-0.128828
0.49,0.0432674,-0.129425,0.0400754,-0.128817
0.495,0.0431225,-0.129425,0.0399569,-0.128809
0.5,0.0429749,-0.129425,0.03987,-0.128803
0.505,0.0428245,-0.129425,0.0398136,-0.128798
0.51,0.0426714,-0.129425,0.0397869,-0.128795
0.515,0.0425154,-0.129425,0.0397887,-0.128794
0.52,0.0423565,-0.129425,0.0398177,-0.128794
0.525,0.0421946,-0.129425,0.0398728,-0.128796
0.53,0.0420297,-0.129425,0.0399524,-0.128798
0.535,0.0418618,-0.129425,0.0400553,-0.128801
0.54,0.0416907,-0.129425,0.0401798,-0.128805
0.545,0.0415164,-0.129425,0.0403246,-0.128809
0.55,0.0413389,-0.129425,0.040488,-0.128814
0.555,0.0411581,-0.129425,0.0406685,-0.128818
0.56,0.040974,-0.129425,0.0408646,-0.128822
0.565,0.0407864,-0.129425,0.0410747,-0.128826
0.57,0.0405953,-0.129425,0.0412972,-0.12883
0.575,0.0404007,-0.129425,0.0415305,-0.128833
0.58,0.0402024,-0.129425,0.0417732,-0.128836
0.585,0.0400005,-0.129425,0.0420237,-0.128838
0.59,0.0397948,-0.129425,0.0422805,-0.128839
0.595,0.0395853,-0.129425,0.042542,-0.12884
0.6,0.0393718,-0.129425,0.0428068,-0.12884
0.605,0.0391545,-0.129425,0.0430734,-0.128839
0.61,0.038933,-0.129425,0.0433403,-0.128838
0.615,0.0387075,-0.129425,0.0436061,-0.128836
0.62,0.0384777,-0.129425,0.0438694,-0.128834
0.625,0.0382437,-0.129425,0.0441289,-0.128832
0.63,0.0380053,-0.129425,0.044383,-0.128829
0.635,0.0377625,-0.129425,0.0446305,-0.128826
0.64,0.0375152,-0.129425,0.0448701,-0.128823
0.645,0.0372632,-0.129425,0.0451004,-0.12882
0.65,0.0370066,-0.129425,0.0453204,-0.128818
0.655,0.0367452,-0.129425,0.0455286,-0.128815
0.66,0.036479,-0.129425,0.045724,-0.128813
0.665,0.0362077,-0.129425,0.0459053,-0.128811
0.67,0.0359315,-0.129425,0.0460717,-0.128809
0.675,0.0356501,-0.129425,0.0462219,-0.128808
0.68,0.0353635,-0.129425,0.046355,-0.128808
0.685,0.0350715,-0.129425,0.0464701,-0.128808
0.69,0.0347741,-0.129425,0.0465663,-0.128808
0.695,0.0344712,-0.129425,0.0466428,-0.12881
0.7,0.0341626,-0.129425,0.0466987,-0.128811
0.705,0.0338483,-0.129425,0.0467333,-0.128814
0.71,0.0335282,-0.129425,0.046746,-0.128817
0.715,0.0332021,-0.129425,0.0467362,-0.128821
0.72,0.0328699,-0.129425,0.0467033,-0.128825
0.725,0.0325316,-0.129425,0.0466468,-0.128829
0.73,0.0321869,-0.129425,0.0465664,-0.128835
0.735,0.0318359,-0.129425,0.0464616,-0.12884
0.74,0.0314783,-0.129425,0.0463323,-0.128846
0.745,0.031114,-0.129425,0.046178,-0.128852
0.75,0.030743,-0.129425,0.0459986,-0.128859
0.755,0.0303651,-0.129425,0.045794,-0.128865
0.76,0.0299801,-0.129425,0.0455641,-0.128872
0.765,0.029588,-0.129425,0.0453088,-0.128879
0.77,0.0291886,-0.129425,0.0450283,-0.128886
0.775,0.0287818,-0.129425,0.0447226,-0.128892
0.78,0.0283674,-0.129425,0.0443919,-0.128899
0.785,0.0279453,-0.129425,0.0440362,-0.128905
0.79,0.0275153,-0.129425,0.0436558,-0.128911
0.795,0.0270774,-0.129425,0.0432511,-0.128916
0.8,0.0266313,-0.129425,0.0428222,-0.128922
0.805,0.0261768,-0.129425,0.0423696,-0.128926
0.81,0.025714,-0.129425,0.0418936,-0.128931
0.815,0.0252425,-0.129425,0.0413946,-0.128935
0.82,0.0247623,-0.129425,0.0408732,-0.128938
0.825,0.0242731,-0.129425,0.0403296,-0.128941
0.83,0.0237748,-0.129425,0.0397646,-0.128943
0.835,0.0232673,-0.129425,0.0391785,-0.128945
0.84,0.0227503,-0.129425,0.0385718,-0.128946
0.845,0.0222237,-0.129425,0.0379452,-0.128947
0.85,0.0216873,-0.129425,0.0372992,-0.128948
0.855,0.0211409,-0.129425,0.0366344,-0.128947
0.86,0.0205843,-0.129425,0.0359513,-0.128947
0.865,0.0200174,-0.129425,0.0352505,-0.128946
0.87,0.01944,-0.129425,0.0345326,-0.128944
0.875,0.0188518,-0.129425,0.0337982,-0.128943
0.88,0.0182527,-0.129425,0.0330477,-0.128941
0.885,0.0176424,-0.129425,0.0322818,-0.128938
0.89,0.0170208,-0.129425,0.031501,-0.128935
0.895,0.0163876,-0.129425,0.0307059,-0.128933
0.9,0.0157426,-0.129425,0.0298969,-0.128929
0.905,0.0150856,-0.129425,0.0290747,-0.128926
0.91,0.0144164,-0.129425,0.0282398,-0.128923
0.915,0.0137348,-0.129425,0.0273926,-0.128919
0.92,0.0130404,-0.129425,0.0265335,-0.128915
0.925,0.0123332,-0.129425,0.0256632,-0.128911
0.93,0.0116128,-0.129425,0.024782,-0.128907
0.935,0.010879,-0.129425,0.0238903,-0.128903
0.94,0.0101316,-0.129425,0.0229885,-0.128899
0.945,0.0093702,-0.129425,0.022077,-0.128895
0.95,0.00859468,-0.129425,0.0211562,-0.128891
0.955,0.00780473,-0.129425,0.0202264,-0.128888
0.96,0.00700008,-0.129425,0.019288,-0.128884
0.965,0.00618047,-0.129425,0.0183411,-0.12888
0.97,0.00534561,-0.129425,0.0173861,-0.128876
0.975,0.00449522,-0.129425,0.0164231,-0.128873
0.98,0.00362901,-0.129425,0.0154524,-0.128869
0.985,0.00274669,-0.129425,0.0144743,-0.128866
0.99,0.00184795,-0.129425,0.0134887,-0.128863
0.995,0.000932489,-0.129425,0.0124959,-0.12886
1,-1.45717e-16,-0.129425,0.0114958,-0.128858
1.005,2.20881e-29,-0.129425,0.0104887,-0.128855
1.01,-3.40796e-42,-0.129425,0.00945906,-0.128853
1.015,5.30181e-55,-0.129425,0.00839563,-0.128851
1.02,-8.34571e-68,-0.129425,0.00730347,-0.12885
1.025,1.31777e-80,-0.129425,0.00619518,-0.128849
1.03,-2.03747e-93,-0.129425,0.00508712,-0.128848
1.035,3.13386e-106,-0.129425,0.00399662,-0.128849
1.04,-4.95692e-119,-0.129425,0.00294008,-0.12885
1.045,7.74862e-132,-0.129425,0.00193142,-0.128852
1.05,-1.20125e-144,-0.129425,0.000981359,-0.128855
1.055,1.82088e-157,-0.129425,9.71004e-05,-0.128858
1.06,-2.89815e-170,-0.129425,-0.000717643,-0.128862
1.065,4.47153e-183,-0.129425,-0.00146226,-0.128866
1.07,-6.95643e-196,-0.129425,-0.00213882,-0.12887
1.075,1.09503e-208,-0.129425,-0.00275149,-0.128874
1.08,-1.72903e-221,-0.129425,-0.00330584,-0.128877
1.085,2.67333e-234,-0.129425,-0.00380839,-0.12888
1.09,-4.11189e-247,-0.129425,-0.00426597,-0.128882
1.095,6.5039e-260,-0.129425,-0.0046854,-0.128883
1.1,-1.01669e-272,-0.129425,-0.00507302,-0.128882
1.105,1.57614e-285,-0.129425,-0.0054345,-0.128879
1.11,-2.38915e-298,-0.129425,-0.00577463,-0.128875
1.115,3.80262e-311,-0.129425,-0.00609723,-0.12887
1.12,-4.94066e-324,-0.129425,-0.00640507,-0.128863
1.125,0,-0.129425,-0.00670002,-0.128855
1.13,0,-0.129425,-0.006983,-0.128845
1.135,0,-0.129425,-0.0072541,-0.128835
1.14,0,-0.129425,-0.0075127,-0.128825
1.145,0,-0.129425,-0.00775757,-0.128815
1.15,0,-0.129425,-0.00798707,-0.128805
1.155,0,-0.129425,-0.00819926,-0.128797
1.16,0,-0.129425,-0.008392,-0.128789
1.165,0,-0.129425,-0.00856311,-0.128783
1.17,0,-0.129425,-0.00871051,-0.128779
1.175,0,-0.129425,-0.0088323,-0.128777
1.18,0,-0.129425,-0.00892669,-0.128777
1.185,0,-0.129425,-0.00899228,-0.128779
1.19,0,-0.129425,-0.00902795,-0.128782
1.195,0,-0.129425,-0.00903294,-0.128788
1.2,0,-0.129425,-0.00900685,-0.128795
1.205,0,-0.129425,-0.0089496,-0.128803
1.21,0,-0.129425,-0.0088615,-0.128813
1.215,0,-0.129425,-0.00874315,-0.128824
1.22,0,-0.129425,-0.00859543,-0.128835
1.225,0,-0.129425,-0.00841944,-0.128846
1.23,0,-0.129425,-0.00821649,-0.128858
1.235,0,-0.129425,-0.00798808,-0.128869
1.24,0,-0.129425,-0.00773583,-0.12888
1.245,0,-0.129425,-0.00746141,-0.128891
1.25,0,-0.129425,-0.0071666,-0.128901
1.255,0,-0.129425,-0.00685318,-0.12891
1.26,0,-0.129425,-0.00652295,-0.128918
1.265,0,-0.129425,-0.00617768,-0.128925
1.27,0,-0.129425,-0.00586077,-0.12893
1.275,0,-0.129425,-0.00545035,-0.128935
1.28,0,-0.129425,-0.00505174,-0.128938
1.285,0,-0.129425,-0.00465428,-0.128941
1.29,0,-0.129425,-0.00425551,-0.128942
1.295,0,-0.129425,-0.00385491,-0.128942
1.3,0,-0.129425,-0.00345244,-0.128941
1.305,0,-0.129425,-0.00304829,-0.12894
1.31,0,-0.129425,-0.0026428,-0.128937
1.315,0,-0.129425,-0.00223652,-0.128934
1.32,0,-0.129425,-0.00183018,-0.12893
1.325,0,-0.129425,-0.00142456,-0.128926
1.33,0,-0.129425,-0.0010205,-0.128921
1.335,0,-0.129425,-0.000618955,-0.128915
1.34,0,-0.129425,-0.000220901,-0.128909
1.345,0,-0.129425,0.000172688,-0.128903
1.35,0,-0.129425,0.000560854,-0.128897
1.355,0,-0.129425,0.000942654,-0.12889
1.36,0,-0.129425,0.00131713,-0.128884
1.365,0,-0.129425,0.00168329,-0.128877
1.37,0,-0.129425,0.00204027,-0.128871
1.375,0,-0.129425,0.00238726,-0.128865
1.38,0,-0.129425,0.00272339,-0.128858
1.385,0,-0.129425,0.00304788,-0.128853
1.39,0,-0.129425,0.00336003,-0.128847
1.395,0,-0.129425,0.00365913,-0.128842
1.4,0,-0.129425,0.00394456,-0.128837
1.405,0,-0.129425,0.00421575,-0.128833
1.41,0,-0.129425,0.00447216,-0.128829
1.415,0,-0.129425,0.00471332,-0.128826
1.42,0,-0.129425,0.00493888,-0.128823
1.425,0,-0.129425,0.00514846,-0.128821
1.43,0,-0.129425,0.00534177,-0.128819
1.435,0,-0.129425,0.00551853,-0.128817
1.44,0,-0.129425,0.00567859,-0.128816
1.445,0,-0.129425,0.00582185,-0.128815
1.45,0,-0.129425,0.00594821,-0.128815
1.455,0,-0.129425,0.00605764,-0.128815
1.46,0,-0.129425,0.00615014,-0.128816
1.465,0,-0.129425,0.00622585,-0.128817
1.47,0,-0.129425,0.00628489,-0.128818
1.475,0,-0.129425,0.00632739,-0.128819
1.48,0,-0.129425,0.00635362,-0.128821
1.485,0,-0.129425,0.00636382,-0.128822
1.49,0,-0.129425,0.00635826,-0.128824
1.495,0,-0.129425,0.00633731,-0.128826
1.5,0,-0.129425,0.00630137,-0.128828
1.505,0,-0.129425,0.00625087,-0.12883
1.51,0,-0.129425,0.00618623,-0.128832
1.515,0,-0.129425,0.00610794,-0.128835
1.52,0,-0.129425,0.00601653,-0.128837
1.525,0,-0.129425,0.00591253,-0.128839
1.53,0,-0.129425,0.0057965,-0.128841
1.535,0,-0.129425,0.00566905,-0.128843
1.54,0,-0.129425,0.00553076,-0.128844
1.545,0,-0.129425,0.00538227,-0.128846
1.55,0,-0.129425,0.00522424,-0.128848
1.555,0,-0.129425,0.0050573,-0.128849
1.56,0,-0.129425,0.00488212,-0.128851
1.565,0,-0.129425,0.00469943,-0.128852
1.57,0,-0.129425,0.00450989,-0.128853
1.575,0,-0.129425,0.00431418,-0.128854
1.58,0,-0.129425,0.00411302,-0.128855
1.585,0,-0.129425,0.00390709,-0.128855
1.59,0,-0.129425,0.00369707,-0.128856
1.595,0,-0.129425,0.00348364,-0.128857
1.6,0,-0.129425,0.00326752,-0.128857
1.605,0,-0.129425,0.00304938,-0.128857
1.61,0,-0.129425,0.00282989,-0.128858
1.615,0,-0.129425,0.00260969,-0.128858
1.62,0,-0.129425,0.00238942,-0.128858
1.625,0,-0.129425,0.00216972,-0.128858
1.63,0,-0.129425,0.00195125,-0.128858
1.635,0,-0.129425,0.00173457,-0.128858
1.64,0,-0.129425,0.00152024,-0.128858
1.645,0,-0.129425,0.00130882,-0.128858
1.65,0,-0.129425,0.00110088,-0.128858
1.655,0,-0.129425,0.000896967,-0.128858
1.66,0,-0.129425,0.000697562,-0.128858
1.665,0,-0.129425,0.000503132,-0.128858
1.67,0,-0.129425,0.000314128,-0.128858
1.675,0,-0.129425,0.000130966,-0.128859
1.68,0,-0.129425,-4.59478e-05,-0.128859
1.685,0,-0.129425,-0.000216212,-0.128859
1.69,0,-0.129425,-0.000379483,-0.128859
1.695,0,-0.129425,-0.00053546,-0.12886
1.7,0,-0.129425,-0.000683856,-0.12886
1.705,0,-0.129425,-0.000824344,-0.12886
1.71,0,-0.129425,-0.000956702,-0.128861
1.715,0,-0.129425,-0.00108074,-0.128861
1.72,0,-0.129425,-0.00119626,-0.128862
1.725,0,-0.129425,-0.00130311,-0.128863
1.73,0,-0.129425,-0.00140117,-0.128863
1.735,0,-0.129425,-0.00149034,-0.128864
1.74,0,-0.129425,-0.0015705,-0.128865
1.745,0,-0.129425,-0.00164166,-0.128865
1.75,0,-0.129425,-0.00170378,-0.128866
1.755,0,-0.129425,-0.00175686,-0.128867
1.76,0,-0.129425,-0.00180095,-0.128868
1.765,0,-0.129425,-0.00183613,-0.128869
1.77,0,-0.129425,-0.00186246,-0.128869
1.775,0,-0.129425,-0.00188006,-0.12887
1.78,0,-0.129425,-0.00188904,-0.128871
1.785,0,-0.129425,-0.00188959,-0.128872
1.79,0,-0.129425,-0.00188186,-0.128872
1.795,0,-0.129425,-0.00186602,-0.128873
1.8,0,-0.129425,-0.00184233,-0.128874
1.805,0,-0.129425,-0.001811,-0.128874
1.81,0,-0.129425,-0.00177232,-0.128875
1.815,0,-0.129425,-0.00172651,-0.128875
1.82,0,-0.129425,-0.00167386,-0.128875
1.825,0,-0.129425,-0.00161469,-0.128876
1.83,0,-0.129425,-0.00154928,-0.128876
1.835,0,-0.129425,-0.00147799,-0.128876
1.84,0,-0.129425,-0.00140115,-0.128876
1.845,0,-0.129425,-0.00131905,-0.128876
1.85,0,-0.129425,-0.00123206,-0.128876
1.855,0,-0.129425,-0.00114053,-0.128876
1.86,0,-0.129425,-0.00104483,-0.128875
1.865,0,-0.129425,-0.000945302,-0.128875
1.87,0,-0.129425,-0.000842316,-0.128874
1.875,0,-0.129425,-0.000736264,-0.128874
1.88,0,-0.129425,-0.00062748,-0.128873
1.885,0,-0.129425,-0.000516351,-0.128873
1.89,0,-0.129425,-0.000403264,-0.128872
1.895,0,-0.129425,-0.000288554,-0.128871
1.9,0,-0.129425,-0.000172599,-0.12887
1.905,0,-0.129425,-5.57491e-05,-0.12887
1.91,0,-0.129425,6.16255e-05,-0.128869
1.915,0,-0.129425,0.000179186,-0.128868
1.92,0,-0.129425,0.000296621,-0.128867
1.925,0,-0.129425,0.000413563,-0.128866
1.93,0,-0.129425,0.000529703,-0.128865
1.935,0,-0.129425,0.000644714,-0.128864
1.94,0,-0.129425,0.000758307,-0.128863
1.945,0,-0.129425,0.000870185,-0.128862
1.95,0,-0.129425,0.000980051,-0.128861
1.955,0,-0.129425,0.00108763,-0.12886
1.96,0,-0.129425,0.00119269,-0.128859
1.965,0,-0.129425,0.00129499,-0.128859
1.97,0,-0.129425,0.00139427,-0.128858
1.975,0,-0.129425,0.00149032,-0.128857
1.98,0,-0.129425,0.00158293,-0.128856
1.985,0,-0.129425,0.00167191,-0.128855
1.99,0,-0.129425,0.00175707,-0.128855
1.995,0,-0.129425,0.00183825,-0.128854
2,0,-0.129425,0.00191529,-0.128854
2.005,0,-0.129425,0.00198804,-0.128853
2.01,0,-0.129425,0.00205642,-0.128853
2.015,0,-0.129425,0.00212032,-0.128852
2.02,0,-0.129425,0.00217962,-0.128852
2.025,0,-0.129425,0.00223427,-0.128851
2.03,0,-0.129425,0.0022842,-0.128851
2.035,0,-0.129425,0.00232937,-0.128851
2.04,0,-0.129425,0.00236975,-0.128851
2.045,0,-0.129425,0.0024053,-0.128851
2.05,0,-0.129425,0.00243604,-0.12885
2.055,0,-0.129425,0.00246198,-0.12885
2.06,0,-0.129425,0.00248315,-0.12885
2.065,0,-0.129425,0.00249957,-0.12885
2.07,0,-0.129425,0.0025113,-0.12885
2.075,0,-0.129425,0.00251841,-0.128851
2.08,0,-0.129425,0.00252096,-0.128851
2.085,0,-0.129425,0.00251906,-0.128851
2.09,0,-0.129425,0.00251276,-0.128851
2.095,0,-0.129425,0.0025022,-0.128851
2.1,0,-0.129425,0.00248754,-0.128852
2.105,0,-0.129425,0.00246886,-0.128852
2.11,0,-0.129425,0.00244631,-0.128852
2.115,0,-0.129425,0.00242002,-0.128852
2.12,0,-0.129425,0.00239015,-0.128853
2.125,0,-0.129425,0.00235687,-0.128853
2.13,0,-0.129425,0.00232033,-0.128853
2.135,0,-0.129425,0.00228072,-0.128854
2.14,0,-0.129425,0.0022382,-0.128854
2.145,0,-0.129425,0.002193,-0.128854
2.15,0,-0.129425,0.00214527,-0.128854
2.155,0,-0.129425,0.00209517,-0.128855
2.16,0,-0.129425,0.00204292,-0.128855
2.165,0,-0.129425,0.00198873,-0.128855
2.17,0,-0.129425,0.00193279,-0.128855
2.175,0,-0.129425,0.00187531,-0.128856
2.18,0,-0.129425,0.00181646,-0.128856
2.185,0,-0.129425,0.00175644,-0.128856
2.19,0,-0.129425,0.00169544,-0.128856
2.195,0,-0.129425,0.0016337,-0.128857
2.2,0,-0.129425,0.00157141,-0.128857
2.205,0,-0.129425,0.00150871,-0.128857
2.21,0,-0.129425,0.00144581,-0.128857
2.215,0,-0.129425,0.0013829,-0.128858
2.22,0,-0.129425,0.00132016,-0.128858
2.225,0,-0.129425,0.00125776,-0.128858
2.23,0,-0.129425,0.00119587,-0.128858
2.235,0,-0.129425,0.0011347,-0.128859
2.24,0,-0.129425,0.00107436,-0.128859
2.245,0,-0.129425,0.00101501,-0.128859
2.25,0,-0.129425,0.000956808,-0.128859
2.255,0,-0.129425,0.000899927,-0.12886
2.26,0,-0.129425,0.000844465,-0.12886
2.265,0,-0.129425,0.000790547,-0.12886
2.27,0,-0.129425,0.000738339,-0.12886
2.275,0,-0.129425,0.000687923,-0.12886
2.28,0,-0.129425,0.000639397,-0.128861
2.285,0,-0.129425,0.000592891,-0.128861
2.29,0,-0.129425,0.000548478,-0.128861
2.295,0,-0.129425,0.000506223,-0.128861
2.3,0,-0.129425,0.000466224,-0.128861
2.305,0,-0.129425,0.00042857,-0.128862
2.31,0,-0.129425,0.000393312,-0.128862
2.315,0,-0.129425,0.000360447,-0.128862
2.32,0,-0.129425,0.000330054,-0.128862
2.325,0,-0.129425,0.000302181,-0.128862
2.33,0,-0.129425,0.000276853,-0.128862
2.335,0,-0.129425,0.000254112,-0.128863
2.34,0,-0.129425,0.000233959,-0.128863
2.345,0,-0.129425,0.000216368,-0.128863
2.35,0,-0.129425,0.000201338,-0.128863
2.355,0,-0.129425,0.000188866,-0.128863
2.36,0,-0.129425,0.000178966,-0.128863
2.365,0,-0.129425,0.000171584,-0.128863
2.37,0,-0.129425,0.000166686,-0.128863
2.375,0,-0.129425,0.000164243,-0.128864
2.38,0,-0.129425,0.00016421,-0.128864
2.385,0,-0.129425,0.000166548,-0.128864
2.39,0,-0.129425,0.00017116,-0.128864
2.395,0,-0.129425,0.000178014,-0.128864
2.4,0,-0.129425,0.000187049,-0.128864
2.405,0,-0.129425,0.000198163,-0.128864
2.41,0,-0.129425,0.000211305,-0.128864
2.415,0,-0.129425,0.000226382,-0.128864
2.42,0,-0.129425,0.000243331,-0.128864
2.425,0,-0.129425,0.000262067,-0.128864
2.43,0,-0.129425,0.000282495,-0.128864
2.435,0,-0.129425,0.000304521,-0.128864
2.44,0,-0.129425,0.000328022,-0.128864
2.445,0,-0.129425,0.000352913,-0.128864
2.45,0,-0.129425,0.00037908,-0.128863
2.455,0,-0.129425,0.000406453,-0.128863
2.46,0,-0.129425,0.00043492,-0.128863
2.465,0,-0.129425,0.000464363,-0.128863
2.47,0,-0.129425,0.000494694,-0.128863
2.475,0,-0.129425,0.000525779,-0.128863
2.48,0,-0.129425,0.000557546,-0.128863
2.485,0,-0.129425,0.000589897,-0.128862
2.49,0,-0.129425,0.000622678,-0.128862
2.495,0,-0.129425,0.0006558,-0.128862
2.5,0,-0.129425,0.000689177,-0.128862
2.505,0,-0.129425,0.000722727,-0.128862
2.51,0,-0.129178,0.000756331,-0.128861
2.515,0,-0.128928,0.000790002,-0.128861
2.52,0,-0.128672,0.000824817,-0.128859
2.525,0,-0.128412,0.000861032,-0.128856
2.53,0,-0.128147,0.000898126,-0.128847
2.535,0,-0.127877,0.000935436,-0.128831
2.54,0,-0.127602,0.000972262,-0.128803
2.545,0,-0.127322,0.00100796,-0.128762
2.55,0,-0.127037,0.00104206,-0.128704
2.555,0,-0.126746,0.00107424,-0.128629
2.56,0,-0.12645,0.00110437,-0.128535
2.565,0,-0.126149,0.00113245,-0.128421
2.57,0,-0.125842,0.00115859,-0.128287
2.575,0,-0.125529,0.00118295,-0.128132
2.58,0,-0.12521,0.00120567,-0.127957
2.585,0,-0.124886,0.00122695,-0.127762
2.59,0,-0.124555,0.001247,-0.127547
2.595,0,-0.124218,0.00126596,-0.127315
2.6,0,-0.123875,0.00128399,-0.127065
2.605,0,-0.123526,0.00130119,-0.126799
2.61,0,-0.12317,0.00131763,-0.126518
2.615,0,-0.122807,0.00133341,-0.126224
2.62,0,-0.122438,0.0013485,-0.125917
2.625,0,-0.122062,0.00136284,-0.125598
2.63,0,-0.121679,0.00137641,-0.125269
2.635,0,-0.121289,0.00138916,-0.12493
2.64,0,-0.120891,0.00140096,-0.124583
2.645,0,-0.120486,0.00141173,-0.124227
2.65,0,-0.120074,0.00142136,-0.123865
2.655,0,-0.119654,0.00142975,-0.123495
2.66,0,-0.119226,0.00143677,-0.123119
2.665,0,-0.11879,0.0014423,-0.122737
2.67,0,-0.118346,0.00144629,-0.122349
2.675,0,-0.117893,0.00144867,-0.121954
2.68,0,-0.117433,0.00144938,-0.121553
2.685,0,-0.116964,0.00144841,-0.121146
2.69,0,-0.116486,0.00144578,-0.120731
2.695,0,-0.115999,0.00144144,-0.12031
2.7,0,-0.115503,0.00143546,-0.119882
2.705,0,-0.114998,0.00142788,-0.119445
2.71,0,-0.114483,0.0014188,-0.119001
2.715,0,-0.113959,0.00140826,-0.118547
2.72,0,-0.113425,0.00139636,-0.118085
2.725,0,-0.112881,0.00138325,-0.117614
2.73,0,-0.112327,0.00136902,-0.117132
2.735,0,-0.111763,0.00135376,-0.116641
2.74,0,-0.111188,0.00133761,-0.11614
2.745,0,-0.110603,0.00132073,-0.115627
2.75,0,-0.110007,0.00130319,-0.115105
2.755,0,-0.109399,0.00128507,-0.114571
2.76,0,-0.10878,0.00126652,-0.114026
2.765,0,-0.10815,0.00124762,-0.11347
2.77,0,-0.107508,0.00122847,-0.112903
2.775,0,-0.106854,0.00120914,-0.112326
2.78,0,-0.106188,0.00118971,-0.111737
2.785,0,-0.10551,0.0011702,-0.111137
2.79,0,-0.104819,0.00115067,-0.110526
2.795,0,-0.104115,0.00113116,-0.109905
2.8,0,-0.103398,0.00111172,-0.109273
2.805,0,-0.102668,0.00109239,-0.10863
2.81,0,-0.101924,0.00107317,-0.107977
2.815,0,-0.101166,0.00105408,-0.107314
2.82,0,-0.100394,0.00103514,-0.10664
2.825,0,-0.0996079,0.00101633,-0.105955
2.83,0,-0.098807,0.000997658,-0.105261
2.835,0,-0.0979912,0.000979095,-0.104555
2.84,0,-0.0971603,0.00096068,-0.10384
2.845,0,-0.0963139,0.000942456,-0.103114
2.85,0,-0.0954518,0.000924416,-0.102377
2.855,0,-0.0945736,0.000906559,-0.101629
2.86,0,-0.0936791,0.000888864,-0.10087
2.865,0,-0.092768,0.000871391,-0.1001
2.87,0,-0.0918399,0.000854191,-0.0993178
2.875,0,-0.0908945,0.000837247,-0.0985237
2.88,0,-0.0899316,0.000820615,-0.0977173
2.885,0,-0.0889507,0.000804305,-0.096898
2.89,0,-0.0879516,0.000788337,-0.0960656
2.895,0,-0.0869339,0.000772744,-0.0952195
2.9,0,-0.0858973,0.000757553,-0.0943593
2.905,0,-0.0848413,0.000742804,-0.0934846
2.91,0,-0.0837658,0.000728516,-0.0925948
2.915,0,-0.0826702,0.000714721,-0.0916895
2.92,0,-0.0815543,0.00070143,-0.0907681
2.925,0,-0.0804176,0.000688688,-0.0898302
2.93,0,-0.0792597,0.000676505,-0.0888753
2.935,0,-0.0780803,0.000664884,-0.0879027
2.94,0,-0.076879,0.00065383,-0.0869122
2.945,0,-0.0756553,0.000643306,-0.0859031
2.95,0,-0.0744088,0.000633343,-0.0848749
2.955,0,-0.0731392,0.000623922,-0.0838272
2.96,0,-0.0718459,0.000615002,-0.0827595
2.965,0,-0.0705286,0.000606591,-0.0816714
2.97,0,-0.0691868,0.00059867,-0.0805622
2.975,0,-0.06782,0.000591197,-0.0794317
2.98,0,-0.0664278,0.000584126,-0.0782793
2.985,0,-0.0650097,0.000577458,-0.0771045
2.99,0,-0.0635652,0.000571141,-0.075907
2.995,0,-0.0620939,0.000565117,-0.0746863
3,0,-0.0605951,0.000559356,-0.073442
3.005,0,-0.0590685,0.000552398,-0.0728232
3.01,0,-0.0575135,0.000548337,-0.0708806
3.015,0,-0.0559295,0.000543002,-0.0695627
3.02,0,-0.0543161,0.000537705,-0.0682193
3.025,0,-0.0526727,0.000532385,-0.0668502
3.03,0,-0.0509987,0.000527073,-0.0654547
3.035,0,-0.0492936,0.000521765,-0.0640324
3.04,0,-0.0475567,0.000516442,-0.0625828
3.045,0,-0.0457875,0.000510997,-0.0611053
3.05,0,-0.0439854,0.000505273,-0.0595994
3.055,0,-0.0421498,0.00049909,-0.0580647
3.06,0,-0.0402801,0.000492273,-0.0565008
3.065,0,-0.0383755,0.000484809,-0.0549074
3.07,0,-0.0364356,0.000476781,-0.0532838
3.075,0,-0.0344595,0.000468163,-0.0516294
3.08,0,-0.0324467,0.000458883,-0.0499438
3.085,0,-0.0303964,0.000448874,-0.0482267
3.09,0,-0.028308,0.000438378,-0.0464775
3.095,0,-0.0261807,0.000427508,-0.0446955
3.1,0,-0.0240139,0.000416257,-0.04288
3.105,0,-0.0218067,0.000404463,-0.0410307
3.11,0,-0.0195585,0.000392018,-0.039147
3.115,0,-0.0172685,0.000379661,-0.0372282
3.12,0,-0.0149359,0.000368251,-0.035273
3.125,0,-0.0125598,0.000357306,-0.0332807
3.13,0,-0.0101396,0.000345594,-0.0312514
3.135,0,-0.00767436,0.000331997,-0.0291848
3.14,0,-0.00516324,0.000315718,-0.0270809
3.145,0,-0.00260541,0.000296387,-0.0249395
3.15,0,2.498e-16,0.000274077,-0.0227603
3.155,0,-2.36658e-29,0.000249308,-0.0205428
3.16,4.51486e-05,-5.77038e-05,0.00242634,-0.0202848
3.165,9.11371e-05,-0.000116481,0.00408546,-0.0186482
3.17,0.000137981,-0.000176352,0.00415649,-0.0163888
3.175,0.000185697,-0.000237336,0.00324212,-0.0144078
3.18,0.0002343,-0.000299455,0.00173524,-0.0126629
3.185,0.000283807,-0.00036273,7.27935e-05,-0.0111222
3.19,0.000334235,-0.000427182,-0.00141667,-0.00976911
3.195,0.000385602,-0.000492833,-0.00254344,-0.00859296
3.2,0.000437924,-0.000559705,-0.00324169,-0.00758172
3.205,0.000491219,-0.000627821,-0.00351395,-0.0067293
3.21,0.000545506,-0.000697204,-0.0034094,-0.00604585
3.215,0.000600803,-0.000767878,-0.0030039,-0.00553703
3.22,0.000657128,-0.000839867,-0.00237584,-0.00520534
3.225,0.000714501,-0.000913195,-0.0015908,-0.00502716
3.23,0.000772942,-0.000987888,-0.000514271,-0.00494289
3.235,0.00083247,-0.00106397,0.000789187,-0.00501923
3.24,0.000893105,-0.00114147,0.00216907,-0.00522597
3.245,0.000954868,-0.00122041,0.00353006,-0.00553528
3.25,0.00101778,-0.00130081,0.00478931,-0.00593104
3.255,0.00108186,-0.00138272,0.00596069,-0.00627955
3.26,0.00114714,-0.00146614,0.00696674,-0.0067399
3.265,0.00121363,-0.00155112,0.00766216,-0.00735452
3.27,0.00128135,-0.00163768,0.0081224,-0.00803335
3.275,0.00135034,-0.00172585,0.00838833,-0.00873427
3.28,0.00142061,-0.00181566,0.00849547,-0.00942494
3.285,0.00149218,-0.00190714,0.00848422,-0.0100828
3.29,0.00156509,-0.00200033,0.00839709,-0.0106934
3.295,0.00163936,-0.00209524,0.00827384,-0.0112475
3.3,0.001715,-0.00219192,0.00814789,-0.0117394
3.305,0.00179206,-0.0022904,0.00804476,-0.0121654
3.31,0.00187054,-0.00239072,0.00798176,-0.0125235
3.315,0.00195049,-0.0024929,0.00796886,-0.012813
3.32,0.00203192,-0.00259698,0.00800983,-0.0130346
3.325,0.00211487,-0.00270299,0.00810363,-0.0131898
3.33,0.00219936,-0.00281098,0.00824565,-0.0132813
3.335,0.00228543,-0.00292098,0.00842878,-0.0133126
3.34,0.00237309,-0.00303302,0.00864438,-0.0132878
3.345,0.00246239,-0.00314715,0.00888304,-0.0132118
3.35,0.00255335,-0.0032634,0.00913526,-0.0130897
3.355,0.002646,-0.00338181,0.00939193,-0.0129271
3.36,0.00274037,-0.00350243,0.00964466,-0.0127297
3.365,0.0028365,-0.00362529,0.00988603,-0.0125034
3.37,0.00293441,-0.00375044,0.0101099,-0.0122541
3.375,0.00303415,-0.00387791,0.0103115,-0.0119872
3.38,0.00313574,-0.00400776,0.0104877,-0.011708
3.385,0.00323923,-0.00414002,0.0106365,-0.0114211
3.39,0.00334464,-0.00427474,0.0107575,-0.0111307
3.395,0.00345201,-0.00441197,0.0108513,-0.0108405
3.4,0.00356137,-0.00455175,0.0109196,-0.0105537
3.405,0.00367278,-0.00469413,0.0109647,-0.010273
3.41,0.00378625,-0.00483916,0.0109894,-0.0100005
3.415,0.00390183,-0.00498689,0.0109971,-0.00973786
3.42,0.00401957,-0.00513736,0.0109912,-0.00948628
3.425,0.0041395,-0.00529064,0.010975,-0.00924659
3.43,0.00426165,-0.00544676,0.0109519,-0.00901926
3.435,0.00438608,-0.0056058,0.0109249,-0.00880442
3.44,0.00451282,-0.00576778,0.0108969,-0.00860195
3.445,0.00464193,-0.00593279,0.0108703,-0.0084115
3.45,0.00477343,-0.00610086,0.0108472,-0.00823256
3.455,0.00490738,-0.00627206,0.010829,-0.00806445
3.46,0.00504382,-0.00644645,0.0108171,-0.00790644
3.465,0.0051828,-0.00662407,0.0108122,-0.00775773
3.47,0.00532437,-0.00680501,0.0108147,-0.00761748
3.475,0.00546857,-0.00698931,0.0108248,-0.00748488
3.48,0.00561545,-0.00717703,0.0108421,-0.00735914
3.485,0.00576506,-0.00736825,0.0108662,-0.00723953
3.49,0.00591746,-0.00756303,0.0108963,-0.0071254
3.495,0.00607269,-0.00776143,0.0109315,-0.00701619
3.5,0.00623081,-0.00796352,0.0109709,-0.00691141
3.505,0.00639187,-0.00816937,0.0110132,-0.00681075
3.51,0.00655593,-0.00837905,0.0110572,-0.00671395
3.515,0.00672304,-0.00859264,0.011102,-0.0066209
3.52,0.00689326,-0.00881019,0.0111461,-0.0065316
3.525,0.00706665,-0.00903179,0.0111886,-0.00644615
3.53,0.00724326,-0.00925752,0.0112285,-0.00636477
3.535,0.00742315,-0.00948744,0.0112648,-0.00628778
3.54,0.0076064,-0.00972164,0.0112968,-0.00621558
3.545,0.00779305,-0.0099602,0.0113238,-0.00614864
3.55,0.00798317,-0.0102032,0.0113453,-0.0060875
3.555,0.00817684,-0.0104507,0.0113609,-0.00603275
3.56,0.0083741,-0.0107028,0.0113705,-0.00598504
3.565,0.00857503,-0.0109596,0.0113739,-0.00594502
3.57,0.00877971,-0.0112212,0.0113711,-0.00591337
3.575,0.00898819,-0.0114877,0.0113624,-0.00589079
3.58,0.00920054,-0.0117591,0.0113481,-0.00587792
3.585,0.00941685,-0.0120356,0.011329,-0.00587517
3.59,0.00963719,-0.0123172,0.0113061,-0.00588274
3.595,0.00986162,-0.012604,0.0112803,-0.00590087
3.6,0.0100902,-0.0128962,0.0112523,-0.00592983
3.605,0.0103231,-0.0131938,0.0112229,-0.00596969
3.61,0.0105603,-0.013497,0.0111922,-0.00602037
3.615,0.0108019,-0.0138057,0.0111606,-0.00608184
3.62,0.011048,-0.0141203,0.011128,-0.00615424
3.625,0.0112987,-0.0144407,0.0110947,-0.00623784
3.63,0.011554,-0.014767,0.0110613,-0.00633302
3.635,0.0118141,-0.0150994,0.0110291,-0.00644018
3.64,0.012079,-0.015438,0.0109992,-0.00655978
3.645,0.0123489,-0.0157829,0.010973,-0.00669231
3.65,0.0126237,-0.0161343,0.0109519,-0.00683834
3.655,0.0129037,-0.0164921,0.010937,-0.0069985
3.66,0.0131889,-0.0168566,0.0109294,-0.00717349
3.665,0.0134794,-0.0172279,0.0109301,-0.00736409
3.67,0.0137754,-0.0176061,0.0109397,-0.00757113
3.675,0.0140768,-0.0179913,0.0109589,-0.00779548
3.68,0.0143838,-0.0183837,0.0109882,-0.00803802
3.685,0.0146965,-0.0187834,0.011028,-0.00829963
3.69,0.0150151,-0.0191906,0.0110788,-0.00858115
3.695,0.0153396,-0.0196053,0.0111408,-0.00888337
3.7,0.0156701,-0.0200277,0.0112143,-0.00920701
3.705,0.0160067,-0.020458,0.0112996,-0.0095527
3.71,0.0163497,-0.0208963,0.011397,-0.00992093
3.715,0.016699,-0.0213427,0.0115069,-0.0103121
3.72,0.0170548,-0.0217975,0.0116296,-0.0107266
3.725,0.0174172,-0.0222607,0.0117654,-0.0111644
3.73,0.0177864,-0.0227325,0.0119147,-0.0116258
3.735,0.0181624,-0.0232131,0.0120779,-0.0121106
3.74,0.0185454,-0.0237027,0.0122552,-0.0126185
3.745,0.0189356,-0.0242013,0.012447,-0.0131495
3.75,0.019333,-0.0247092,0.0126537,-0.013703
3.755,0.0197378,-0.0252266,0.0128754,-0.0142786
3.76,0.0201501,-0.0257536,0.0131124,-0.0148758
3.765,0.0205701,-0.0262904,0.013365,-0.0154941
3.77,0.0209979,-0.0268372,0.0136332,-0.0161328
3.775,0.0214337,-0.0273942,0.0139172,-0.0167912
3.78,0.0218776,-0.0279615,0.0142171,-0.0174687
3.785,0.0223297,-0.0285394,0.0145329,-0.0181647
3.79,0.0227903,-0.029128,0.0148646,-0.0188784
3.795,0.0232594,-0.0297276,0.0152122,-0.0196093
3.8,0.0237373,-0.0303383,0.0155758,-0.0203566
3.805,0.024224,-0.0309604,0.0159551,-0.0211199
3.81,0.0247198,-0.0315941,0.0163502,-0.0218984
3.815,0.0252248,-0.0322395,0.0167611,-0.0226918
3.82,0.0257392,-0.032897,0.0171875,-0.0234995
3.825,0.0262632,-0.0335667,0.0176295,-0.0243211
3.83,0.0267969,-0.0342488,0.0180869,-0.0251563
3.835,0.0273406,-0.0349437,0.0185598,-0.0260046
3.84,0.0278944,-0.0356515,0.019048,-0.0268657
3.845,0.0284585,-0.0363724,0.0195514,-0.0277394
3.85,0.029033,-0.0371067,0.02007,-0.0286254
3.855,0.0296183,-0.0378547,0.0206039,-0.0295236
3.86,0.0302144,-0.0386167,0.0211532,-0.0304338
3.865,0.0308217,-0.0393928,0.021718,-0.031356
3.87,0.0314402,-0.0401833,0.0222985,-0.0322903
3.875,0.0320702,-0.0409886,0.0228949,-0.0332367
3.88,0.032712,-0.0418088,0.0235076,-0.0341954
3.885,0.0333657,-0.0426443,0.0241366,-0.0351666
3.89,0.0340315,-0.0434953,0.0247825,-0.0361504
3.895,0.0347098,-0.0443621,0.0254454,-0.0371471
3.9,0.0354006,-0.0452451,0.0261257,-0.0381569
3.905,0.0361044,-0.0461445,0.0268238,-0.0391802
3.91,0.0368212,-0.0470607,0.02754,-0.0402173
3.915,0.0375513,-0.0479939,0.0282746,-0.0412683
3.92,0.038295,-0.0489444,0.0290281,-0.0423337
3.925,0.0390526,-0.0499126,0.0298008,-0.0434137
3.93,0.0398242,-0.0508989,0.030593,-0.0445085
3.935,0.0406103,-0.0519035,0.031405,-0.0456186
3.94,0.0414109,-0.0529267,0.0322373,-0.0467442
3.945,0.0422264,-0.0539691,0.03309,-0.0478854
3.95,0.0430571,-0.0550308,0.0339635,-0.0490426
3.955,0.0439033,-0.0561122,0.0348583,-0.050216
3.96,0.0447652,-0.0572138,0.0357747,-0.0514061
3.965,0.0456431,-0.0583358,0.0367131,-0.0526132
3.97,0.0465373,-0.0594788,0.037674,-0.0538377
3.975,0.0474482,-0.060643,0.0386576,-0.0550799
3.98,0.0483761,-0.0618288,0.0396641,-0.0563401
3.985,0.0493212,-0.0630368,0.0406939,-0.0576187
3.99,0.0502839,-0.0642672,0.0417471,-0.0589159
3.995,0.0512644,-0.0655204,0.0428238,-0.060232
4,0.0522633,-0.066797,0.0439242,-0.0615672
4.005,0.0532807,-0.0680974,0.0450482,-0.0629217
4.01,0.054317,-0.0694219,0.0461959,-0.0642955
4.015,0.0553727,-0.0707711,0.0473671,-0.0656888
4.02,0.0564479,-0.0721454,0.0485617,-0.0671015
4.025,0.0575432,-0.0735452,0.0497796,-0.0685337
4.03,0.0586588,-0.0749711,0.0510598,-0.0699795
4.035,0.0597952,-0.0764235,0.0527538,-0.0712366
4.04,0.0609527,-0.0779029,0.0555409,-0.0720301
4.045,0.0621318,-0.0794099,0.0592488,-0.0726824
4.05,0.0633328,-0.0809449,0.0623955,-0.0734531
4.055,0.0645562,-0.0825084,0.06438,-0.0743118
4.06,0.0658023,-0.084101,0.0628272,-0.0740258
4.065,0.0670715,-0.0857233,0.060006,-0.0743279
4.07,0.0683644,-0.0873757,0.0580686,-0.0755103
4.075,0.0696814,-0.0890589,0.0567746,-0.07677
4.08,0.0710228,-0.0907734,0.0560028,-0.0780061
4.085,0.0723892,-0.0925198,0.0556716,-0.0791696
4.09,0.0737811,-0.0942986,0.0557735,-0.080196
4.095,0.0751988,-0.0961106,0.0562759,-0.0810321
4.1,0.0766429,-0.0979563,0.0571228,-0.0816588
4.105,0.0781138,-0.0998363,0.0582625,-0.0820826
4.11,0.0796121,-0.101751,0.0596379,-0.0823367
4.115,0.0811383,-0.103702,0.0611875,-0.0824632
4.12,0.0826929,-0.105689,0.062862,-0.0825
4.125,0.0842764,-0.107713,0.0646181,-0.0824928
4.13,0.0858894,-0.109774,0.0664038,-0.0825029
4.135,0.0875324,-0.111874,0.0681698,-0.0825908
4.14,0.0892059,-0.114013,0.0699,-0.0828133
4.145,0.0909106,-0.116192,0.0715717,-0.0832808
4.15,0.0926469,-0.118411,0.0730713,-0.0838853
4.155,0.0944156,-0.120671,0.0745597,-0.0846897
4.16,0.0962172,-0.122974,0.0761288,-0.0857426
4.165,0.0980523,-0.125319,0.0778172,-0.0870723
4.17,0.0999215,-0.127708,0.079603,-0.0887274
4.175,0.101826,-0.130142,0.0814459,-0.0907395
4.18,0.103765,-0.132621,0.0832424,-0.0932101
4.185,0.10574,-0.135146,0.0850066,-0.0961071
4.19,0.107753,-0.137717,0.0866648,-0.0993451
4.195,0.109802,-0.140337,0.0880401,-0.102842
4.2,0.11189,-0.143006,0.0894211,-0.106522
4.205,-0.085983,0.109894,-0.107143,0.141283
4.21,-0.0838168,0.107125,-0.102018,0.129034
4.215,-0.0816103,0.104305,-0.099499,0.1263
4.22,-0.0793627,0.101432,-0.097053,0.123613
4.225,-0.0770733,0.0985064,-0.0946193,0.120967
4.23,-0.0747413,0.0955259,-0.0922033,0.118321
4.235,-0.072366,0.09249,-0.0898046,0.11566
4.24,-0.0699464,0.0893976,-0.0874158,0.112977
4.245,-0.0674818,0.0862477,-0.0850264,0.110264
4.25,-0.0649714,0.0830391,-0.0826333,0.107505
4.255,-0.0624143,0.0797709,-0.0801806,0.104871
4.26,-0.0598096,0.0764419,-0.0778295,0.10221
4.265,-0.0571565,0.073051,-0.0755096,0.0994332
4.27,-0.054454,0.0695969,-0.0731387,0.0965186
4.275,-0.0517012,0.0660786,-0.0706751,0.0934601
4.28,-0.0488972,0.0624949,-0.0681018,0.0902663
4.285,-0.046041,0.0588445,-0.0654203,0.0869563
4.29,-0.0431318,0.0551262,-0.0626477,0.0835545
4.295,-0.0401684,0.0513387,-0.0598131,0.0800861
4.3,-0.0371498,0.0474807,-0.0569526,0.0765741
4.305,-0.0340751,0.043551,-0.0504867,0.0706342
4.31,-0.0309432,0.0395482,-0.0485027,0.0679333
4.315,-0.0277531,0.0354709,-0.0471134,0.0651991
4.32,-0.0245036,0.0313177,-0.0451057,0.062084
4.325,-0.0211936,0.0270873,-0.0430849,0.0588176
4.33,-0.0178221,0.0227782,-0.0410046,0.0554191
4.335,-0.0143879,0.018389,-0.0388114,0.0518957
4.34,-0.0108897,0.013918,-0.0364737,0.0482511
4.345,-0.00732652,0.00936393,-0.0339751,0.0444873
4.35,-0.00369702,0.00472512,-0.0313098,0.0406061
4.355,-2.55351e-15,3.27516e-15,-0.0284804,0.0366105
4.36,4.51486e-05,5.76972e-05,-0.0259184,0.0415144
4.365,9.11371e-05,0.000116468,-0.0342277,0.0407203
4.37,0.000137981,0.000176332,-0.0389225,0.0376408
4.375,0.000185697,0.000237309,-0.0411682,0.0356529
4.38,0.0002343,0.000299421,-0.0423897,0.0345241
4.385,0.000283807,0.000362688,-0.0427704,0.0338755
4.39,0.000334235,0.000427133,-0.0419943,0.0335101
4.395,0.000385602,0.000492776,-0.037418,0.035053
4.4,0.000437924,0.00055964,-0.0306957,0.0367265
4.405,0.000491219,0.000627749,-0.0235904,0.0373827
4.41,0.000545506,0.000697124,-0.0165294,0.0370756
4.415,0.000600803,0.00076779,-0.010774,0.0347082
4.42,0.000657128,0.00083977,-0.00580502,0.0308486
4.425,0.000714501,0.00091309,-0.00100288,0.027239
4.43,0.000772942,0.000987774,0.00264259,0.0237621
4.435,0.00083247,0.00106385,0.00478907,0.0204222
4.44,0.000893105,0.00114133,0.00538595,0.0172983
4.445,0.000954868,0.00122026,0.00465482,0.0144082
4.45,0.00101778,0.00130066,0.00312738,0.011663
4.455,0.00108186,0.00138256,0.0019333,0.00903672
4.46,0.00114714,0.00146597,9.43562e-06,0.00683321
4.465,0.00121363,0.00155094,-0.00218384,0.00487253
4.47,0.00128135,0.00163749,-0.00404178,0.00321215
4.475,0.00135034,0.00172565,-0.00537185,0.00188329
4.48,0.00142061,0.00181545,-0.00587205,0.000439254
4.485,0.00149218,0.00190692,-0.00465435,-0.0016822
4.49,0.00156509,0.00200009,-0.00227735,-0.00357411
4.495,0.00163936,0.002095,0.000595612,-0.00520351
4.5,0.001715,0.00219167,0.00350351,-0.00656207
4.505,0.00179206,0.00229014,0.00614398,-0.00764579
4.51,0.00187054,0.00239044,0.00834239,-0.00845429
4.515,0.00195049,0.00249261,0.0100233,-0.0089926
4.52,0.00203192,0.00259668,0.0111843,-0.00927185
4.525,0.00211487,0.00270268,0.0118726,-0.0093088
4.53,0.00219936,0.00281066,0.012163,-0.00912629
4.535,0.00228543,0.00292064,0.012142,-0.00875197
4.54,0.00237309,0.00303267,0.011897,-0.00821628
4.545,0.00246239,0.00314679,0.0115086,-0.00755073
4.55,0.00255335,0.00326302,0.0110456,-0.00678652
4.555,0.002646,0.00338142,0.010563,-0.00595363
4.56,0.00274037,0.00350203,0.0101017,-0.0050801
4.565,0.0028365,0.00362487,0.00969004,-0.00419161
4.57,0.00293441,0.00375,0.00934506,-0.00331111
4.575,0.00303415,0.00387746,0.0090755,-0.00245867
4.58,0.00313574,0.00400729,0.00888389,-0.00165137
4.585,0.00323923,0.00413954,0.00876871,-0.000903323
4.59,0.00334464,0.00427425,0.00872603,-0.000225767
4.595,0.00345201,0.00441146,0.008751,0.000372802
4.6,0.00356137,0.00455122,0.00883863,0.000886425
4.605,0.00367278,0.00469359,0.00898435,0.0013115
4.61,0.00378625,0.0048386,0.00918424,0.00164653
4.615,0.00390183,0.00498631,0.00943506,0.00189198
4.62,0.00401957,0.00513677,0.00973412,0.00205002
4.625,0.0041395,0.00529003,0.0100791,0.00212434
4.63,0.00426165,0.00544614,0.010468,0.00211996
4.635,0.00438608,0.00560515,0.0108984,0.00204306
4.64,0.00451282,0.00576712,0.0113678,0.00190098
4.645,0.00464193,0.0059321,0.0118719,0.00170346
4.65,0.00477343,0.00610016,0.0124042,0.00146229
4.655,0.00490738,0.00627134,0.0129568,0.0011896
4.66,0.00504382,0.0064457,0.0135214,0.000897314
4.665,0.0051828,0.00662331,0.0140902,0.00059682
4.67,0.00532437,0.00680422,0.0146559,0.0002987
4.675,0.00546857,0.0069885,0.0152124,1.25493e-05
4.68,0.00561545,0.00717621,0.0157551,-0.000253552
4.685,0.00576506,0.0073674,0.0162812,-0.000493311
4.69,0.00591746,0.00756216,0.016788,-0.000701322
4.695,0.00607269,0.00776054,0.0172731,-0.000872921
4.7,0.00623081,0.0079626,0.0177345,-0.00100425
4.705,0.00639187,0.00816843,0.0181702,-0.00109232
4.71,0.00655593,0.00837809,0.0185791,-0.00113496
4.715,0.00672304,0.00859164,0.0189602,-0.00113089
4.72,0.00689326,0.00880917,0.0193127,-0.00107962
4.725,0.00706665,0.00903075,0.0196363,-0.000981428
4.73,0.00724326,0.00925645,0.0199307,-0.000837287
4.735,0.00742315,0.00948635,0.0201957,-0.00064879
4.74,0.0076064,0.00972052,0.0204315,-0.000418065
4.745,0.00779305,0.00995905,0.0206383,-0.00014771
4.75,0.00798317,0.010202,0.0208165,0.000159317
4.755,0.00817684,0.0104495,0.0209666,0.000499772
4.76,0.0083741,0.0107016,0.0210895,0.00087021
4.765,0.00857503,0.0109584,0.021186,0.00126707
4.77,0.00877971,0.0112199,0.0212572,0.00168674
4.775,0.00898819,0.0114864,0.0213043,0.00212566
4.78,0.00920054,0.0117577,0.0213287,0.00258038
4.785,0.00941685,0.0120342,0.0213319,0.0030476
4.79,0.00963719,0.0123157,0.0213152,0.00352424
4.795,0.00986162,0.0126026,0.0212803,0.00400753
4.8,0.0100902,0.0128947,0.0212285,0.00449493
4.805,0.0103231,0.0131923,0.0211615,0.00498431
4.81,0.0105603,0.0134954,0.0210806,0.00547384
4.815,0.0108019,0.0138042,0.0209871,0.00596206
4.82,0.011048,0.0141187,0.0208823,0.00644792
4.825,0.0112987,0.014439,0.0207673,0.00693076
4.83,0.011554,0.0147653,0.0206436,0.00741027
4.835,0.0118141,0.0150977,0.0205126,0.00788636
4.84,0.012079,0.0154363,0.0203761,0.0083592
4.845,0.0123489,0.0157811,0.0202356,0.00882917
4.85,0.0126237,0.0161324,0.0200924,0.00929683
4.855,0.0129037,0.0164902,0.0199479,0.00976289
4.86,0.0131889,0.0168547,0.0198031,0.0102282
4.865,0.0134794,0.0172259,0.0196588,0.0106938
4.87,0.0137754,0.0176041,0.0195157,0.0111606
4.875,0.0140768,0.0179893,0.0193745,0.0116299
4.88,0.0143838,0.0183816,0.0192355,0.0121026
4.885,0.0146965,0.0187813,0.0190991,0.01258
4.89,0.0150151,0.0191884,0.0189657,0.013063
4.895,0.0153396,0.019603,0.0188355,0.0135526
4.9,0.0156701,0.0200254,0.0187089,0.0140497
4.905,0.0160067,0.0204556,0.0185863,0.0145551
4.91,0.0163497,0.0208939,0.0184679,0.0150695
4.915,0.016699,0.0213403,0.0183543,0.0155935
4.92,0.0170548,0.021795,0.0182458,0.0161275
4.925,0.0174172,0.0222581,0.0181428,0.0166722
4.93,0.0177864,0.0227299,0.0180456,0.0172278
4.935,0.0181624,0.0232104,0.0179545,0.0177947
4.94,0.0185454,0.0236999,0.0178699,0.0183732
4.945,0.0189356,0.0241985,0.0177922,0.0189635
4.95,0.019333,0.0247064,0.0177216,0.0195657
4.955,0.0197378,0.0252237,0.0176586,0.0201799
4.96,0.0201501,0.0257506,0.0176035,0.020806
4.965,0.0205701,0.0262874,0.0175568,0.0214441
4.97,0.0209979,0.0268341,0.0175189,0.0220941
4.975,0.0214337,0.027391,0.0174902,0.0227558
4.98,0.0218776,0.0279583,0.0174714,0.023429
4.985,0.0223297,0.0285361,0.0174628,0.0241136
4.99,0.0227903,0.0291246,0.0174651,0.0248094
4.995,0.0232594,0.0297241,0.0174787,0.0255161
5,0.0237373,0.0303348,0.0175041,0.0262336
5.005,0.024224,0.0309568,0.0175419,0.0269618
5.01,0.0247198,0.0315904,0.0175925,0.0277005
5.015,0.0252248,0.0322358,0.0176565,0.0284496
5.02,0.0257392,0.0328932,0.0177342,0.029209
5.025,0.0262632,0.0335628,0.0178264,0.0299785
5.03,0.0267969,0.0342449,0.0179336,0.030758
5.035,0.0273406,0.0349397,0.0180563,0.0315474
5.04,0.0278944,0.0356473,0.0181953,0.0323466
5.045,0.0284585,0.0363682,0.0183513,0.0331554
5.05,0.029033,0.0371025,0.0185249,0.0339736
5.055,0.0296183,0.0378504,0.0187169,0.0348013
5.06,0.0302144,0.0386122,0.018928,0.0356382
5.065,0.0308217,0.0393882,0.019159,0.0364842
5.07,0.0314402,0.0401787,0.0194107,0.0373392
5.075,0.0320702,0.0409838,0.0196838,0.0382031
5.08,0.032712,0.041804,0.0199791,0.0390758
5.085,0.0333657,0.0426393,0.0202974,0.0399573
5.09,0.0340315,0.0434903,0.0206394,0.0408473
5.095,0.0347098,0.044357,0.0210058,0.041746
5.1,0.0354006,0.0452399,0.0213974,0.0426532
5.105,0.0361044,0.0461392,0.0218147,0.0435689
5.11,0.0368212,0.0470552,0.0222585,0.0444933
5.115,0.0375513,0.0479883,0.0227292,0.0454262
5.12,0.038295,0.0489388,0.0232276,0.0463679
5.125,0.0390526,0.0499069,0.023754,0.0473184
5.13,0.0398242,0.050893,0.024309,0.0482779
5.135,0.0406103,0.0518975,0.0248931,0.0492465
5.14,0.0414109,0.0529206,0.0255065,0.0502245
5.145,0.0422264,0.0539628,0.0261498,0.0512122
5.15,0.0430571,0.0550244,0.0268231,0.0522097
5.155,0.0439033,0.0561057,0.0275269,0.0532175
5.16,0.0447652,0.0572072,0.0282613,0.0542359
5.165,0.0456431,0.0583291,0.0290266,0.0552652
5.17,0.0465373,0.0594719,0.0298229,0.0563059
5.175,0.0474482,0.060636,0.0306505,0.0573584
5.18,0.0483761,0.0618217,0.0315094,0.0584231
5.185,0.0493212,0.0630295,0.0323997,0.0595006
5.19,0.0502839,0.0642597,0.0333214,0.0605913
5.195,0.0512644,0.0655129,0.0342745,0.0616957
5.2,0.0522633,0.0667893,0.0352591,0.0628145
5.205,0.0532807,0.0680895,0.036275,0.0639481
5.21,0.054317,0.0694139,0.037322,0.0650971
5.215,0.0553727,0.0707629,0.0384001,0.0662621
5.22,0.0564479,0.072137,0.0394999,0.0674459
5.225,0.0575432,0.0735367,0.0405227,0.0685659
5.23,0.0586588,0.0749624,0.04238,0.0694114
5.235,0.0597952,0.0764147,0.0452247,0.0699881
5.24,0.0609527,0.0778939,0.0482565,0.0704512
5.245,0.0621318,0.0794007,0.0511164,0.0708453
5.25,0.0633328,0.0809355,0.0533894,0.0712937
5.255,0.0645562,0.0824989,0.0547655,0.0718217
5.26,0.0658023,0.0840913,0.0524584,0.0717647
5.265,0.0670715,0.0857134,0.0499221,0.0723266
5.27,0.0683644,0.0873656,0.0494463,0.0734118
5.275,0.0696814,0.0890486,0.0496996,0.0744754
5.28,0.0710228,0.0907629,0.0503022,0.07546
5.285,0.0723892,0.0925091,0.0510608,0.0763353
5.29,0.0737811,0.0942878,0.0519347,0.077071
5.295,0.0751988,0.0960995,0.0529119,0.0776288
5.3,0.0766429,0.097945,0.0539827,0.0779929
5.305,0.0781138,0.0998248,0.0551656,0.0782
5.31,0.0796121,0.10174,0.0564711,0.0783001
5.315,0.0811383,0.10369,0.0579135,0.0783309
5.32,0.0826929,0.105677,0.0595037,0.0783391
5.325,0.0842764,0.1077,0.0612359,0.0783793
5.33,0.0858894,0.109761,0.0630936,0.0785107
5.335,0.0875324,0.111861,0.0650582,0.0787838
5.34,0.0892059,0.114,0.067106,0.079248
5.345,0.0909106,0.116178,0.0691723,0.0799955
5.35,0.0926469,0.118397,0.0711946,0.0808615
5.355,0.0944156,0.120657,0.0732932,0.0818965
5.36,0.0962172,0.12296,0.0755055,0.0831574
5.365,0.0980523,0.125305,0.0778178,0.0846985
5.37,0.0999215,0.127694,0.0801824,0.0865713
5.375,0.101826,0.130127,0.0825521,0.088817
5.38,0.103765,0.132605,0.084811,0.0915417
5.385,0.10574,0.13513,0.0867722,0.0946606
5.39,0.107753,0.137702,0.0886246,0.0981189
5.395,0.109802,0.140321,0.0904569,0.10186
5.4,0.11189,0.142989,0.0922093,0.105807
5.405,-0.085983,-0.109881,-0.102629,-0.141252
5.41,-0.0838168,-0.107113,-0.0928871,-0.126253
5.415,-0.0816103,-0.104293,-0.0922161,-0.124574
5.42,-0.0793627,-0.101421,-0.0910545,-0.1224
5.425,-0.0770733,-0.0984951,-0.0897311,-0.120136
5.43,-0.0747413,-0.0955149,-0.0870657,-0.116984
5.435,-0.072366,-0.0924793,-0.0859837,-0.115037
5.44,-0.0699464,-0.0893873,-0.0815949,-0.110649
5.445,-0.0674818,-0.0862377,-0.0826169,-0.110158
5.45,-0.0649714,-0.0830296,-0.0801579,-0.107007
5.455,-0.0624143,-0.0797617,-0.0768628,-0.103574
5.46,-0.0598096,-0.0764331,-0.0757525,-0.101438
5.465,-0.0571565,-0.0730425,-0.0716415,-0.0972033
5.47,-0.054454,-0.0695889,-0.0708378,-0.0951443
5.475,-0.0517012,-0.066071,-0.0658956,-0.0903387
5.48,-0.0488972,-0.0624877,-0.0655505,-0.0884738
5.485,-0.046041,-0.0588377,-0.0616072,-0.0844466
5.49,-0.0431318,-0.0551198,-0.0575379,-0.0799423
5.495,-0.0401684,-0.0513327,-0.0592631,-0.079437
5.5,-0.0371498,-0.0474752,-0.0497564,-0.0719859
5.505,-0.0340751,-0.043546,-0.0550283,-0.0732379
5.51,-0.0309432,-0.0395436,-0.0451209,-0.0653907
5.515,-0.0277531,-0.0354668,-0.0485341,-0.065473
5.52,-0.0245036,-0.0313141,-0.0403591,-0.0584964
5.525,-0.0211936,-0.0270842,-0.0470626,-0.0607335
5.53,-0.0178221,-0.0227756,-0.0342458,-0.0512005
5.535,-0.0143879,-0.0183868,-0.039844,-0.052465
5.54,-0.0108897,-0.0139164,-0.0284044,-0.0434277
5.545,-0.00732652,-0.00936285,-0.0357891,-0.0457934
5.55,-0.00369702,-0.00472457,-0.0220676,-0.0352366
5.555,-2.55351e-15,-3.27516e-15,-0.0307358,-0.0385087
5.56,4.51486e-05,-5.76972e-05,-0.00625215,-0.0302773
5.565,9.11371e-05,-0.000116468,-0.0233819,-0.0351033
5.57,0.000137981,-0.000176332,-0.0314612,-0.0353333
5.575,0.000185697,-0.000237309,-0.0317697,-0.0389955
5.58,0.0002343,-0.000299421,-0.0292336,-0.0422943
5.585,0.000283807,-0.000362688,-0.0250241,-0.044579
5.59,0.000334235,-0.000427133,-0.0198475,-0.0455843
5.595,0.000385602,-0.000492776,-0.0143224,-0.0452189
5.6,0.000437924,-0.00055964,-0.00887195,-0.0436277
5.605,0.000491219,-0.000627749,-0.00377144,-0.0411301
5.61,0.000545506,-0.000697124,0.000768587,-0.0381217
5.615,0.000600803,-0.00076779,0.00455273,-0.0349928
5.62,0.000657128,-0.00083977,0.00739794,-0.0320817
5.625,0.000714501,-0.00091309,0.00917284,-0.0296468
5.63,0.000772942,-0.000987774,0.00982961,-0.0278297
5.635,0.00083247,-0.00106385,0.0094241,-0.0267106
5.64,0.000893105,-0.00114133,0.00821982,-0.0263269
5.645,0.000954868,-0.00122026,0.00656209,-0.0266751
5.65,0.00101778,-0.00130066,0.00348439,-0.0259053
5.655,0.00108186,-0.00138256,2.38249e-05,-0.0235404
5.66,0.00114714,-0.00146597,-0.00211069,-0.0210848
5.665,0.00121363,-0.00155094,-0.00313311,-0.0184566
5.67,0.00128135,-0.00163749,-0.00352027,-0.0156916
5.675,0.00135034,-0.00172565,-0.00294241,-0.0127046
5.68,0.00142061,-0.00181545,-0.00279411,-0.00998452
5.685,0.00149218,-0.00190692,-0.00295194,-0.00741409
5.69,0.00156509,-0.00200009,-0.0026738,-0.00433542
5.695,0.00163936,-0.002095,-0.00156218,-0.00105301
5.7,0.001715,-0.00219167,-8.43644e-05,0.00197117
5.705,0.00179206,-0.00229014,0.00141234,0.0046853
5.71,0.00187054,-0.00239044,0.00272873,0.00705141
5.715,0.00195049,-0.00249261,0.00377588,0.00904271
5.72,0.00203192,-0.00259668,0.00454027,0.0106449
5.725,0.00211487,-0.00270268,0.0050543,0.0118572
5.73,0.00219936,-0.00281066,0.00537349,0.0126909
5.735,0.00228543,-0.00292064,0.00555963,0.0131676
5.74,0.00237309,-0.00303267,0.00566953,0.0133176
5.745,0.00246239,-0.00314679,0.00574881,0.0131765
5.75,0.00255335,-0.00326302,0.00582948,0.0127835
5.755,0.002646,-0.00338142,0.00592998,0.012179
5.76,0.00274037,-0.00350203,0.0060569,0.0114033
5.765,0.0028365,-0.00362487,0.00620783,0.0104955
5.77,0.00293441,-0.00375,0.00637441,0.00949254
5.775,0.00303415,-0.00387746,0.00654527,0.00842908
5.78,0.00313574,-0.00400729,0.00670871,0.00733685
5.785,0.00323923,-0.00413954,0.00685465,0.00624466
5.79,0.00334464,-0.00427425,0.00697578,0.0051781
5.795,0.00345201,-0.00441146,0.00706829,0.00415943
5.8,0.00356137,-0.00455122,0.00713187,0.00320745
5.805,0.00367278,-0.00469359,0.00716924,0.00233748
5.81,0.00378625,-0.0048386,0.00718563,0.0015613
5.815,0.00390183,-0.00498631,0.00718812,0.000887286
5.82,0.00401957,-0.00513677,0.00718491,0.00032056
5.825,0.0041395,-0.00529003,0.00718462,-0.000136772
5.83,0.00426165,-0.00544614,0.00719586,-0.000485346
5.835,0.00438608,-0.00560515,0.00722685,-0.000728207
5.84,0.00451282,-0.00576712,0.00728512,-0.000870489
5.845,0.00464193,-0.0059321,0.00737721,-0.000919116
5.85,0.00477343,-0.00610016,0.00750807,-0.000883334
5.855,0.00490738,-0.00627134,0.00767992,-0.000775128
5.86,0.00504382,-0.0064457,0.00789266,-0.000607637
5.865,0.0051828,-0.00662331,0.00814456,-0.000394401
5.87,0.00532437,-0.00680422,0.00843291,-0.000148923
5.875,0.00546857,-0.0069885,0.00875436,0.000115701
5.88,0.00561545,-0.00717621,0.00910513,0.000387056
5.885,0.00576506,-0.0073674,0.00948135,0.000653745
5.89,0.00591746,-0.00756216,0.00988004,0.000906193
5.895,0.00607269,-0.00776054,0.0102982,0.00113631
5.9,0.00623081,-0.0079626,0.0107319,0.00133682
5.905,0.00639187,-0.00816843,0.0111766,0.00150131
5.91,0.00655593,-0.00837809,0.0116277,0.00162432
5.915,0.00672304,-0.00859164,0.0120803,0.00170135
5.92,0.00689326,-0.00880917,0.0125299,0.00172895
5.925,0.00706665,-0.00903075,0.012972,0.00170468
5.93,0.00724326,-0.00925645,0.0134028,0.00162711
5.935,0.00742315,-0.00948635,0.0138186,0.00149577
5.94,0.0076064,-0.00972052,0.0142162,0.00131108
5.945,0.00779305,-0.00995905,0.0145931,0.0010743
5.95,0.00798317,-0.010202,0.0149472,0.000787407
5.955,0.00817684,-0.0104495,0.0152769,0.000453017
5.96,0.0083741,-0.0107016,0.0155812,7.42955e-05
5.965,0.00857503,-0.0109584,0.0158596,-0.000345167
5.97,0.00877971,-0.0112199,0.0161122,-0.00080147
5.975,0.00898819,-0.0114864,0.0163395,-0.00129047
5.98,0.00920054,-0.0117577,0.0165421,-0.00180791
5.985,0.00941685,-0.0120342,0.0167215,-0.0023495
5.99,0.00963719,-0.0123157,0.016879,-0.002911
5.995,0.00986162,-0.0126026,0.0170162,-0.00348834
6,0.0100902,-0.0128947,0.0171349,-0.00407764
6.005,0.0103231,-0.0131923,0.017237,-0.0046753
6.01,0.0105603,-0.0134954,0.0173243,-0.00527804
6.015,0.0108019,-0.0138042,0.0173984,-0.00588296
6.02,0.011048,-0.0141187,0.017461,-0.00648762
6.025,0.0112987,-0.014439,0.0175137,-0.00709003
6.03,0.011554,-0.0147653,0.0175584,-0.00768859
6.035,0.0118141,-0.0150977,0.0175966,-0.00828211
6.04,0.012079,-0.0154363,0.0176303,-0.00886978
6.045,0.0123489,-0.0157811,0.017661,-0.0094511
6.05,0.0126237,-0.0161324,0.01769,-0.0100259
6.055,0.0129037,-0.0164902,0.0177185,-0.0105945
6.06,0.0131889,-0.0168547,0.0177474,-0.0111572
6.065,0.0134794,-0.0172259,0.0177774,-0.0117147
6.07,0.0137754,-0.0176041,0.0178089,-0.0122681
6.075,0.0140768,-0.0179893,0.0178422,-0.0128184
6.08,0.0143838,-0.0183816,0.0178775,-0.0133668
6.085,0.0146965,-0.0187813,0.0179148,-0.0139148
6.09,0.0150151,-0.0191884,0.0179543,-0.0144635
6.095,0.0153396,-0.019603,0.0179959,-0.0150145
6.1,0.0156701,-0.0200254,0.0180398,-0.0155689
6.105,0.0160067,-0.0204556,0.018086,-0.0161282
6.11,0.0163497,-0.0208939,0.0181347,-0.0166935
6.115,0.016699,-0.0213403,0.0181859,-0.017266
6.12,0.0170548,-0.021795,0.0182399,-0.0178465
6.125,0.0174172,-0.0222581,0.0182969,-0.0184361
6.13,0.0177864,-0.0227299,0.0183572,-0.0190354
6.135,0.0181624,-0.0232104,0.0184211,-0.0196451
6.14,0.0185454,-0.0236999,0.018489,-0.0202657
6.145,0.0189356,-0.0241985,0.018561,-0.0208976
6.15,0.019333,-0.0247064,0.0186378,-0.0215411
6.155,0.0197378,-0.0252237,0.0187195,-0.0221964
6.16,0.0201501,-0.0257506,0.0188066,-0.0228635
6.165,0.0205701,-0.0262874,0.0188994,-0.0235425
6.17,0.0209979,-0.0268341,0.0189984,-0.0242332
6.175,0.0214337,-0.027391,0.0191039,-0.0249354
6.18,0.0218776,-0.0279583,0.0192163,-0.0256489
6.185,0.0223297,-0.0285361,0.019336,-0.0263734
6.19,0.0227903,-0.0291246,0.0194633,-0.0271086
6.195,0.0232594,-0.0297241,0.0195987,-0.027854
6.2,0.0237373,-0.0303348,0.0197426,-0.0286091
6.205,0.024224,-0.0309568,0.0198953,-0.0293736
6.21,0.0247198,-0.0315904,0.0200574,-0.0301469
6.215,0.0252248,-0.0322358,0.0202292,-0.0309286
6.22,0.0257392,-0.0328932,0.0204112,-0.0317181
6.225,0.0262632,-0.0335628,0.0206039,-0.0325151
6.23,0.0267969,-0.0342449,0.0208077,-0.0333189
6.235,0.0273406,-0.0349397,0.0210233,-0.0341292
6.24,0.0278944,-0.0356473,0.021251,-0.0349456
6.245,0.0284585,-0.0363682,0.0214915,-0.0357677
6.25,0.029033,-0.0371025,0.0217453,-0.0365951
6.255,0.0296183,-0.0378504,0.0220129,-0.0374276
6.26,0.0302144,-0.0386122,0.0222949,-0.0382649
6.265,0.0308217,-0.0393882,0.022592,-0.0391067
6.27,0.0314402,-0.0401787,0.0229047,-0.0399531
6.275,0.0320702,-0.0409838,0.0232336,-0.0408039
6.28,0.032712,-0.041804,0.0235793,-0.041659
6.285,0.0333657,-0.0426393,0.0239426,-0.0425186
6.29,0.0340315,-0.0434903,0.0243239,-0.0433827
6.295,0.0347098,-0.044357,0.0247238,-0.0442515
6.3,0.0354006,-0.0452399,0.0251431,-0.0451251
6.305,0.0361044,-0.0461392,0.0255823,-0.0460039
6.31,0.0368212,-0.0470552,0.026042,-0.0468881
6.315,0.0375513,-0.0479883,0.0265228,-0.0477781
6.32,0.038295,-0.0489388,0.0270252,-0.0486742
6.325,0.0390526,-0.0499069,0.02755,-0.0495769
6.33,0.0398242,-0.050893,0.0280975,-0.0504865
6.335,0.0406103,-0.0518975,0.0286684,-0.0514037
6.34,0.0414109,-0.0529206,0.0292633,-0.0523287
6.345,0.0422264,-0.0539628,0.0298825,-0.0532623
6.35,0.0430571,-0.0550244,0.0305266,-0.0542048
6.355,0.0439033,-0.0561057,0.0311961,-0.0551568
6.36,0.0447652,-0.0572072,0.0318914,-0.0561189
6.365,0.0456431,-0.0583291,0.0326129,-0.0570915
6.37,0.0465373,-0.0594719,0.033361,-0.0580752
6.375,0.0474482,-0.060636,0.034136,-0.0590707
6.38,0.0483761,-0.0618217,0.0349383,-0.0600783
6.385,0.0493212,-0.0630295,0.0357681,-0.0610987
6.39,0.0502839,-0.0642597,0.0366257,-0.0621324
6.395,0.0512644,-0.0655129,0.0375113,-0.0631801
6.4,0.0522633,-0.0667893,0.0384248,-0.0642423
6.405,0.0532807,-0.0680895,0.0393658,-0.06532
6.41,0.054317,-0.0694139,0.0402098,-0.0664171
6.415,0.0553727,-0.0707629,0.041402,-0.0672986
6.42,0.0564479,-0.072137,0.0445309,-0.0673785
6.425,0.0575432,-0.0735367,0.049378,-0.0671688
6.43,0.0586588,-0.0749624,0.0534898,-0.0672011
6.435,0.0597952,-0.0764147,0.055861,-0.0673233
6.44,0.0609527,-0.0778939,0.0565013,-0.0674748
6.445,0.0621318,-0.0794007,0.0559427,-0.0679295
6.45,0.0633328,-0.0809355,0.0552109,-0.0687438
6.455,0.0645562,-0.0824989,0.0546758,-0.0695948
6.46,0.0658023,-0.0840913,0.0528947,-0.0695846
6.465,0.0670715,-0.0857134,0.0521879,-0.0694385
6.47,0.0683644,-0.0873656,0.0524707,-0.0693259
6.475,0.0696814,-0.0890486,0.0517518,-0.0692725
6.48,0.0710228,-0.0907629,0.0505144,-0.0692486
6.485,0.0723892,-0.0925091,0.0490218,-0.0692616
6.49,0.0737811,-0.0942878,0.0474215,-0.0693248
6.495,0.0751988,-0.0960995,0.0458364,-0.0694596
6.5,0.0766429,-0.097945,0.0443686,-0.0697027
6.505,0.0781138,-0.0998248,0.0433636,-0.0702742
6.51,0.0796121,-0.10174,0.043868,-0.0711648
6.515,0.0811383,-0.10369,0.0451427,-0.0719618
6.52,0.0826929,-0.105677,0.04687,-0.0727369
6.525,0.0842764,-0.1077,0.048926,-0.0735212
6.53,0.0858894,-0.109761,0.0512605,-0.0743547
6.535,0.0875324,-0.111861,0.0538289,-0.0752852
6.54,0.0892059,-0.114,0.0566207,-0.0763512
6.545,0.0909106,-0.116178,0.0595605,-0.0776511
6.55,0.0926469,-0.118397,0.062528,-0.0789392
6.555,0.0944156,-0.120657,0.0656545,-0.0803537
6.56,0.0962172,-0.12296,0.0688816,-0.0820249
6.565,0.0980523,-0.125305,0.0721203,-0.0840554
6.57,0.0999215,-0.127694,0.0752286,-0.086585
6.575,0.101826,-0.130127,0.0781607,-0.0896398
6.58,0.103765,-0.132605,0.0808541,-0.0931251
6.585,0.10574,-0.13513,0.0831988,-0.0970643
6.59,0.107753,-0.137702,0.0850498,-0.101047
6.595,0.109802,-0.140321,0.0866683,-0.104911
6.6,0.11189,-0.142989,0.0880644,-0.10864
6.605,-0.085983,0.109881,-0.105244,0.137906
6.61,-0.0838168,0.107113,-0.0963784,0.127659
6.615,-0.0816103,0.104293,-0.0883673,0.122213
6.62,-0.0793627,0.101421,-0.0941583,0.123463
6.625,-0.0770733,0.0984951,-0.0851901,0.117656
6.63,-0.0747413,0.0955149,-0.0898818,0.118325
6.635,-0.072366,0.0924793,-0.0818671,0.112707
6.64,-0.0699464,0.0893873,-0.0877337,0.114026
6.645,-0.0674818,0.0862377,-0.0779007,0.10751
6.65,-0.0649714,0.0830296,-0.0810146,0.10729
6.655,-0.0624143,0.0797617,-0.0739285,0.102067
6.66,-0.0598096,0.0764331,-0.0749471,0.100721
6.665,-0.0571565,0.0730425,-0.0699758,0.0964406
6.67,-0.054454,0.0695889,-0.0680931,0.0935375
6.675,-0.0517012,0.066071,-0.0660032,0.0906328
6.68,-0.0488972,0.0624877,-0.0636927,0.0877651
6.685,-0.046041,0.0588377,-0.0615208,0.0847304
6.69,-0.0431318,0.0551198,-0.0592392,0.0815998
6.695,-0.0401684,0.0513327,-0.0568623,0.0783841
6.7,-0.0371498,0.0474752,-0.0544018,0.0750872
6.705,-0.0340751,0.043546,-0.0518637,0.071712
6.71,-0.0309432,0.0395436,-0.0492511,0.06826
6.715,-0.0277531,0.0354668,-0.0465653,0.064732
6.72,-0.0245036,0.0313141,-0.043806,0.061128
6.725,-0.0211936,0.0270842,-0.0409728,0.0574478
6.73,-0.0178221,0.0227756,-0.0380643,0.0536912
6.735,-0.0143879,0.0183868,-0.0350791,0.0498579
6.74,-0.0108897,0.0139164,-0.0320156,0.0459476
6.745,-0.00732652,0.00936285,-0.0288728,0.0419596
6.75,-0.00369702,0.00472457,-0.0258237,0.0377943
6.755,-2.55351e-15,3.27516e-15,-0.0291102,0.0375899
6.76,4.51486e-05,5.76972e-05,-0.00977707,0.0325607
6.765,9.11371e-05,0.000116468,-0.026383,0.0373188
6.77,0.000137981,0.000176332,-0.0348293,0.0361413
6.775,0.000185697,0.000237309,-0.0399629,0.035569
6.78,0.0002343,0.000299421,-0.0429858,0.0352658
6.785,0.000283807,0.000362688,-0.0430958,0.0358397
6.79,0.000334235,0.000427133,-0.0378484,0.0386146
6.795,0.000385602,0.000492776,-0.0308824,0.040597
6.8,0.000437924,0.00055964,-0.0231979,0.0414098
6.805,0.000491219,0.000627749,-0.0153748,0.0410834
6.81,0.000545506,0.000697124,-0.00788172,0.0398289
6.815,0.000600803,0.00076779,-0.00105661,0.0379976
6.82,0.000657128,0.00083977,0.00486467,0.0359954
6.825,0.000714501,0.00091309,0.00972501,0.0341849
6.83,0.000772942,0.000987774,0.0134707,0.0327821
6.835,0.00083247,0.00106385,0.0159481,0.0318549
6.84,0.000893105,0.00114133,0.0171533,0.0313796
6.845,0.000954868,0.00122026,0.0170872,0.03107
6.85,0.00101778,0.00130066,0.014576,0.0284005
6.855,0.00108186,0.00138256,0.0121776,0.0250537
6.86,0.00114714,0.00146597,0.010548,0.0215959
6.865,0.00121363,0.00155094,0.00934968,0.017928
6.87,0.00128135,0.00163749,0.00777936,0.0140255
6.875,0.00135034,0.00172565,0.00707512,0.00909621
6.88,0.00142061,0.00181545,0.0072974,0.00420648
6.885,0.00149218,0.00190692,0.00792723,-0.000441673
6.89,0.00156509,0.00200009,0.00860823,-0.00474986
6.895,0.00163936,0.002095,0.00914449,-0.00863548
6.9,0.001715,0.00219167,0.00945959,-0.0120365
6.905,0.00179206,0.00229014,0.00955409,-0.014915
6.91,0.00187054,0.00239044,0.00947111,-0.0172562
6.915,0.00195049,0.00249261,0.00927192,-0.0190654
6.92,0.00203192,0.00259668,0.00902036,-0.0203629
6.925,0.00211487,0.00270268,0.00877387,-0.0211798
6.93,0.00219936,0.00281066,0.00857893,-0.0215543
6.935,0.00228543,0.00292064,0.00846915,-0.0215291
6.94,0.00237309,0.00303267,0.00846382,-0.0211515
6.945,0.00246239,0.00314679,0.00856447,-0.0204753
6.95,0.00255335,0.00326302,0.0087568,-0.0195546
6.955,0.002646,0.00338142,0.00901785,-0.0184403
6.96,0.00274037,0.00350203,0.00932365,-0.0171768
6.965,0.0028365,0.00362487,0.00964978,-0.0158042
6.97,0.00293441,0.00375,0.00997278,-0.0143602
6.975,0.00303415,0.00387746,0.0102728,-0.0128807
6.98,0.00313574,0.00400729,0.010535,-0.0113998
6.985,0.00323923,0.00413954,0.010751,-0.00995007
6.99,0.00334464,0.00427425,0.0109178,-0.00856112
6.995,0.00345201,0.00441146,0.0110379,-0.00725944
7,0.00356137,0.00455122,0.0111173,-0.00606752
7.005,0.00367278,0.00469359,0.0111651,-0.00500327
7.01,0.00378625,0.0048386,0.0111907,-0.00407891
7.015,0.00390183,0.00498631,0.0112027,-0.00330028
7.02,0.00401957,0.00513677,0.0112077,-0.00266795
7.025,0.0041395,0.00529003,0.0112106,-0.00217802
7.03,0.00426165,0.00544614,0.011215,-0.00182282
7.035,0.00438608,0.00560515,0.0112236,-0.00159166
7.04,0.00451282,0.00576712,0.0112386,-0.00147156
7.045,0.00464193,0.0059321,0.011263,-0.00144854
7.05,0.00477343,0.00610016,0.0113002,-0.00150815
7.055,0.00490738,0.00627134,0.0113532,-0.00163526
7.06,0.00504382,0.0064457,0.0114246,-0.00181437
7.065,0.0051828,0.00662331,0.0115164,-0.00202998
7.07,0.00532437,0.00680422,0.0116293,-0.00226714
7.075,0.00546857,0.0069885,0.011763,-0.00251187
7.08,0.00561545,0.00717621,0.0119164,-0.00275113
7.085,0.00576506,0.0073674,0.0120878,-0.00297286
7.09,0.00591746,0.00756216,0.0122747,-0.00316619
7.095,0.00607269,0.00776054,0.0124738,-0.00332161
7.1,0.00623081,0.0079626,0.0126815,-0.00343102
7.105,0.00639187,0.00816843,0.0128938,-0.00348792
7.11,0.00655593,0.00837809,0.0131064,-0.00348733
7.115,0.00672304,0.00859164,0.0133151,-0.00342586
7.12,0.00689326,0.00880917,0.0135161,-0.00330163
7.125,0.00706665,0.00903075,0.013706,-0.00311414
7.13,0.00724326,0.00925645,0.0138819,-0.00286419
7.135,0.00742315,0.00948635,0.0140413,-0.00255372
7.14,0.0076064,0.00972052,0.0141828,-0.00218562
7.145,0.00779305,0.00995905,0.0143053,-0.00176362
7.15,0.00798317,0.010202,0.0144082,-0.00129207
7.155,0.00817684,0.0104495,0.0144918,-0.000775813
7.16,0.0083741,0.0107016,0.0145565,-0.000220006
7.165,0.00857503,0.0109584,0.0146033,0.000370022
7.17,0.00877971,0.0112199,0.0146334,0.00098888
7.175,0.00898819,0.0114864,0.0146485,0.00163125
7.18,0.00920054,0.0117577,0.0146501,0.00229199
7.185,0.00941685,0.0120342,0.0146399,0.00296621
7.19,0.00963719,0.0123157,0.0146196,0.00364935
7.195,0.00986162,0.0126026,0.0145911,0.00433726
7.2,0.0100902,0.0128947,0.0145558,0.00502619
7.205,0.0103231,0.0131923,0.0145153,0.0057129
7.21,0.0105603,0.0134954,0.0144709,0.00639461
7.215,0.0108019,0.0138042,0.0144238,0.00706903
7.22,0.011048,0.0141187,0.0143751,0.00773442
7.225,0.0112987,0.014439,0.0143257,0.00838953
7.23,0.011554,0.0147653,0.0142766,0.0090336
7.235,0.0118141,0.0150977,0.014229,0.00966622
7.24,0.012079,0.0154363,0.014184,0.0102873
7.245,0.0123489,0.0157811,0.0141429,0.0108973
7.25,0.0126237,0.0161324,0.0141066,0.0114965
7.255,0.0129037,0.0164902,0.0140759,0.0120858
7.26,0.0131889,0.0168547,0.0140513,0.0126664
7.265,0.0134794,0.0172259,0.0140334,0.0132392
7.27,0.0137754,0.0176041,0.0140224,0.0138056
7.275,0.0140768,0.0179893,0.0140185,0.0143671
7.28,0.0143838,0.0183816,0.0140217,0.0149252
7.285,0.0146965,0.0187813,0.014032,0.0154813
7.29,0.0150151,0.0191884,0.0140492,0.016037
7.295,0.0153396,0.019603,0.0140731,0.0165938
7.3,0.0156701,0.0200254,0.0141036,0.0171531
7.305,0.0160067,0.0204556,0.0141406,0.0177163
7.31,0.0163497,0.0208939,0.0141839,0.0182847
7.315,0.016699,0.0213403,0.0142334,0.0188594
7.32,0.0170548,0.021795,0.0142893,0.0194413
7.325,0.0174172,0.0222581,0.0143516,0.0200314
7.33,0.0177864,0.0227299,0.0144206,0.0206304
7.335,0.0181624,0.0232104,0.0144964,0.0212392
7.34,0.0185454,0.0236999,0.0145794,0.0218582
7.345,0.0189356,0.0241985,0.0146697,0.0224879
7.35,0.019333,0.0247064,0.0147677,0.0231287
7.355,0.0197378,0.0252237,0.0148738,0.0237808
7.36,0.0201501,0.0257506,0.0149885,0.0244442
7.365,0.0205701,0.0262874,0.0151121,0.025119
7.37,0.0209979,0.0268341,0.0152451,0.025805
7.375,0.0214337,0.027391,0.0153881,0.026502
7.38,0.0218776,0.0279583,0.0155417,0.0272095
7.385,0.0223297,0.0285361,0.0157065,0.0279271
7.39,0.0227903,0.0291246,0.015883,0.0286542
7.395,0.0232594,0.0297241,0.0160719,0.0293902
7.4,0.0237373,0.0303348,0.0162738,0.0301344
7.405,0.024224,0.0309568,0.0164892,0.030886
7.41,0.0247198,0.0315904,0.0167189,0.0316442
7.415,0.0252248,0.0322358,0.0169632,0.0324081
7.42,0.0257392,0.0328932,0.0172229,0.0331771
7.425,0.0262632,0.0335628,0.0174983,0.0339501
7.43,0.0267969,0.0342449,0.0177899,0.0347266
7.435,0.0273406,0.0349397,0.0180981,0.0355057
7.44,0.0278944,0.0356473,0.0184232,0.0362869
7.445,0.0284585,0.0363682,0.0187657,0.0370695
7.45,0.029033,0.0371025,0.0191258,0.0378531
7.455,0.0296183,0.0378504,0.0195037,0.0386373
7.46,0.0302144,0.0386122,0.0198996,0.0394218
7.465,0.0308217,0.0393882,0.0203139,0.0402065
7.47,0.0314402,0.0401787,0.0207467,0.0409914
7.475,0.0320702,0.0409838,0.0211981,0.0417765
7.48,0.032712,0.041804,0.0216685,0.0425621
7.485,0.0333657,0.0426393,0.0221579,0.0433483
7.49,0.0340315,0.0434903,0.0226667,0.0441356
7.495,0.0347098,0.044357,0.023195,0.0449245
7.5,0.0354006,0.0452399,0.0237431,0.0457155
7.505,0.0361044,0.0461392,0.0243113,0.0465093
7.51,0.0368212,0.0470552,0.0248999,0.0473065
7.515,0.0375513,0.0479883,0.0255092,0.0481079
7.52,0.038295,0.0489388,0.0261396,0.0489142
7.525,0.0390526,0.0499069,0.0267913,0.0497263
7.53,0.0398242,0.050893,0.0274647,0.050545
7.535,0.0406103,0.0518975,0.0281603,0.0513711
7.54,0.0414109,0.0529206,0.0288783,0.0522055
7.545,0.0422264,0.0539628,0.0296192,0.0530489
7.55,0.0430571,0.0550244,0.0303832,0.0539023
7.555,0.0439033,0.0561057,0.0311708,0.0547664
7.56,0.0447652,0.0572072,0.0319822,0.055642
7.565,0.0456431,0.0583291,0.0328178,0.0565299
7.57,0.0465373,0.0594719,0.0336778,0.0574308
7.575,0.0474482,0.060636,0.0345623,0.0583456
7.58,0.0483761,0.0618217,0.0354712,0.0592753
7.585,0.0493212,0.0630295,0.0364042,0.0602207
7.59,0.0502839,0.0642597,0.0373615,0.0611828
7.595,0.0512644,0.0655129,0.0383429,0.0621625
7.6,0.0522633,0.0667893,0.0393484,0.0631605
7.605,0.0532807,0.0680895,0.0403779,0.0641778
7.61,0.054317,0.0694139,0.0414081,0.0652189
7.615,0.0553727,0.0707629,0.0423622,0.0661781
7.62,0.0564479,0.072137,0.0443156,0.0668095
7.625,0.0575432,0.0735367,0.0473024,0.0671224
7.63,0.0586588,0.0749624,0.0511552,0.0670388
7.635,0.0597952,0.0764147,0.0547286,0.0670908
7.64,0.0609527,0.0778939,0.0570066,0.0672877
7.645,0.0621318,0.0794007,0.05785,0.0675679
7.65,0.0633328,0.0809355,0.0575187,0.0679957
7.655,0.0645562,0.0824989,0.0565555,0.0686333
7.66,0.0658023,0.0840913,0.0541568,0.0688085
7.665,0.0670715,0.0857134,0.0529937,0.0688647
7.67,0.0683644,0.0873656,0.0529787,0.0694579
7.675,0.0696814,0.0890486,0.053282,0.0702482
7.68,0.0710228,0.0907629,0.0535552,0.0708396
7.685,0.0723892,0.0925091,0.0533651,0.0713484
7.69,0.0737811,0.0942878,0.0523073,0.0714322
7.695,0.0751988,0.0960995,0.0519277,0.0718401
7.7,0.0766429,0.097945,0.0521691,0.0720409
7.705,0.0781138,0.0998248,0.0527563,0.0721551
7.71,0.0796121,0.10174,0.053573,0.0722332
7.715,0.0811383,0.10369,0.0545436,0.0722567
7.72,0.0826929,0.105677,0.0556363,0.0724076
7.725,0.0842764,0.1077,0.0569158,0.0726963
7.73,0.0858894,0.109761,0.0584463,0.0731508
7.735,0.0875324,0.111861,0.0602763,0.0737899
7.74,0.0892059,0.114,0.0624301,0.0746325
7.745,0.0909106,0.116178,0.0647509,0.0758156
7.75,0.0926469,0.118397,0.0671471,0.0770748
7.755,0.0944156,0.120657,0.0697776,0.0785306
7.76,0.0962172,0.12296,0.0726074,0.0802909
7.765,0.0980523,0.125305,0.0754795,0.0825036
7.77,0.0999215,0.127694,0.0783064,0.0852353
7.775,0.101826,0.130127,0.0810072,0.088509
7.78,0.103765,0.132605,0.0834986,0.0922556
7.785,0.10574,0.13513,0.0853782,0.0964268
7.79,0.107753,0.137702,0.0870504,0.100047
7.795,0.109802,0.140321,0.0887047,0.103746
7.8,0.11189,0.142989,0.0899387,0.107662
7.805,-0.085983,-0.109881,-0.104249,-0.138916
7.81,-0.0838168,-0.107113,-0.0926938,-0.124377
7.815,-0.0816103,-0.104293,-0.093682,-0.123496
7.82,-0.0793627,-0.101421,-0.0896832,-0.120153
7.825,-0.0770733,-0.0984951,-0.0905998,-0.119181
7.83,-0.0747413,-0.0955149,-0.0864181,-0.115559
7.835,-0.072366,-0.0924793,-0.0848666,-0.113109
7.84,-0.0699464,-0.0893873,-0.08549,-0.112013
7.845,-0.0674818,-0.0862377,-0.0807805,-0.108137
7.85,-0.0649714,-0.0830296,-0.0788829,-0.105519
7.855,-0.0624143,-0.0797617,-0.0769203,-0.102819
7.86,-0.0598096,-0.0764331,-0.0748571,-0.100042
7.865,-0.0571565,-0.0730425,-0.0727001,-0.0971924
7.87,-0.054454,-0.0695889,-0.0704584,-0.0942718
7.875,-0.0517012,-0.066071,-0.0681396,-0.0912813
7.88,-0.0488972,-0.0624877,-0.0657506,-0.0882211
7.885,-0.046041,-0.0588377,-0.0632964,-0.0850911
7.89,-0.0431318,-0.0551198,-0.0607808,-0.0818911
7.895,-0.0401684,-0.0513327,-0.0582069,-0.0786207
7.9,-0.0371498,-0.0474752,-0.0555756,-0.0752798
7.905,-0.0340751,-0.043546,-0.052887,-0.0718677
7.91,-0.0309432,-0.0395436,-0.0501406,-0.0683841
7.915,-0.0277531,-0.0354668,-0.0473341,-0.0648285
7.92,-0.0245036,-0.0313141,-0.0444651,-0.0612004
7.925,-0.0211936,-0.0270842,-0.041531,-0.0574996
7.93,-0.0178221,-0.0227756,-0.0385288,-0.0537252
7.935,-0.0143879,-0.0183868,-0.0354562,-0.049877
7.94,-0.0108897,-0.0139164,-0.0323115,-0.0459542
7.945,-0.00732652,-0.00936285,-0.0290931,-0.0419561
7.95,-0.00369702,-0.00472457,-0.0258004,-0.0378817
7.955,-2.55351e-15,-3.27516e-15,-0.0224338,-0.03373
7.96,4.51486e-05,-5.76972e-05,-0.00731506,-0.033511
7.965,9.11371e-05,-0.000116468,-0.00907017,-0.0285066
7.97,0.000137981,-0.000176332,-0.0292052,-0.0329612
7.975,0.000185697,-0.000237309,-0.0340961,-0.0334014
7.98,0.0002343,-0.000299421,-0.032408,-0.0374775
7.985,0.000283807,-0.000362688,-0.0282151,-0.0411191
7.99,0.000334235,-0.000427133,-0.0227012,-0.0434533
7.995,0.000385602,-0.000492776,-0.0166284,-0.0442176
8,0.000437924,-0.00055964,-0.0105284,-0.0434957
8.005,0.000491219,-0.000627749,-0.00473166,-0.0416137
8.01,0.000545506,-0.000697124,0.000539423,-0.0390122
8.015,0.000600803,-0.00076779,0.00512944,-0.0361557
8.02,0.000657128,-0.00083977,0.00887219,-0.033458
8.025,0.000714501,-0.00091309,0.0116004,-0.0312312
8.03,0.000772942,-0.000987774,0.0132253,-0.0296802
8.035,0.00083247,-0.00106385,0.013696,-0.0288684
8.04,0.000893105,-0.00114133,0.0130908,-0.0287341
8.045,0.000954868,-0.00122026,0.0117328,-0.029209
8.05,0.00101778,-0.00130066,0.010013,-0.030234
8.055,0.00108186,-0.00138256,0.00763249,-0.0309121
8.06,0.00114714,-0.00146597,0.0039132,-0.0286473
8.065,0.00121363,-0.00155094,0.00187848,-0.0259345
8.07,0.00128135,-0.00163749,0.00103665,-0.0228967
8.075,0.00135034,-0.00172565,0.00100888,-0.0194618
8.08,0.00142061,-0.00181545,0.00135109,-0.0158482
8.085,0.00149218,-0.00190692,0.00133837,-0.011873
8.09,0.00156509,-0.00200009,0.00193672,-0.00721085
8.095,0.00163936,-0.002095,0.00288002,-0.00270937
8.1,0.001715,-0.00219167,0.00379432,0.00153154
8.105,0.00179206,-0.00229014,0.00446807,0.00543026
8.11,0.00187054,-0.00239044,0.00483227,0.00891079
8.115,0.00195049,-0.00249261,0.00491667,0.0119152
8.12,0.00203192,-0.00259668,0.00480084,0.0144131
8.125,0.00211487,-0.00270268,0.00457887,0.0163985
8.13,0.00219936,-0.00281066,0.00433867,0.0178845
8.135,0.00228543,-0.00292064,0.00415194,0.0188969
8.14,0.00237309,-0.00303267,0.00407031,0.0194706
8.145,0.00246239,-0.00314679,0.00412316,0.0196484
8.15,0.00255335,-0.00326302,0.00431536,0.0194803
8.155,0.00264599,-0.00338142,0.00463122,0.0190177
8.16,0.00274037,-0.00350203,0.00504274,0.0183089
8.165,0.0028365,-0.00362487,0.00551767,0.0173964
8.17,0.00293441,-0.00375,0.00602153,0.0163193
8.175,0.00303415,-0.00387746,0.00652091,0.0151141
8.18,0.00313574,-0.00400729,0.00698684,0.013816
8.185,0.00323923,-0.00413954,0.00739707,0.0124597
8.19,0.00334464,-0.00427425,0.00773705,0.0110789
8.195,0.00345201,-0.00441146,0.00800004,0.00970582
8.2,0.00356137,-0.00455122,0.00818634,0.0083707
8.205,0.00367277,-0.00469359,0.00830203,0.00710064
8.21,0.00378625,-0.0048386,0.00835742,0.00591892
8.215,0.00390183,-0.00498631,0.0083654,0.00484446
8.22,0.00401957,-0.00513677,0.00834003,0.00389154
8.225,0.0041395,-0.00529003,0.00829541,0.00306973
8.23,0.00426165,-0.00544614,0.00824451,0.00238352
8.235,0.00438608,-0.00560515,0.00819777,0.00183192
8.24,0.00451282,-0.00576712,0.00816309,0.00140976
8.245,0.00464193,-0.0059321,0.00814627,0.00110861
8.25,0.00477343,-0.00610016,0.00815151,0.000917518
8.255,0.00490738,-0.00627134,0.00818196,0.00082364
8.26,0.00504382,-0.0064457,0.00824003,0.000812851
8.265,0.0051828,-0.00662331,0.00832771,0.000870371
8.27,0.00532437,-0.00680422,0.00844764,0.000981987
8.275,0.00546857,-0.0069885,0.00860218,0.00113413
8.28,0.00561545,-0.00717621,0.00879222,0.00131349
8.285,0.00576506,-0.0073674,0.00901674,0.00150753
8.29,0.00591746,-0.00756216,0.00927354,0.00170437
8.295,0.00607269,-0.00776054,0.00955959,0.00189276
8.3,0.00623081,-0.0079626,0.00987109,0.00206226
8.305,0.00639187,-0.00816843,0.0102035,0.0022034
8.31,0.00655593,-0.00837809,0.0105518,0.00230782
8.315,0.00672304,-0.00859164,0.0109106,0.00236836
8.32,0.00689326,-0.00880917,0.0112742,0.0023792
8.325,0.00706665,-0.00903075,0.0116373,0.00233587
8.33,0.00724326,-0.00925645,0.0119948,0.00223523
8.335,0.00742315,-0.00948635,0.0123419,0.00207546
8.34,0.0076064,-0.00972052,0.0126747,0.00185602
8.345,0.00779305,-0.00995905,0.0129899,0.0015775
8.35,0.00798317,-0.010202,0.0132848,0.00124154
8.355,0.00817684,-0.0104495,0.0135576,0.000850698
8.36,0.0083741,-0.0107016,0.0138072,0.00040828
8.365,0.00857503,-0.0109584,0.0140332,-8.17776e-05
8.37,0.00877971,-0.0112199,0.0142359,-0.00061504
8.375,0.00898819,-0.0114864,0.0144158,-0.00118675
8.38,0.00920054,-0.0117577,0.0145742,-0.00179193
8.385,0.00941685,-0.0120342,0.0147127,-0.00242551
8.39,0.00963718,-0.0123157,0.014833,-0.00308246
8.395,0.00986162,-0.0126026,0.0149372,-0.00375789
8.4,0.0100902,-0.0128947,0.0150271,-0.00444709
8.405,0.0103231,-0.0131923,0.015105,-0.00514569
8.41,0.0105603,-0.0134954,0.0151727,-0.00584963
8.415,0.0108019,-0.0138042,0.0152322,-0.0065553
8.42,0.011048,-0.0141187,0.015285,-0.0072596
8.425,0.0112987,-0.014439,0.0153327,-0.00795988
8.43,0.011554,-0.0147653,0.015377,-0.00865401
8.435,0.0118141,-0.0150977,0.0154196,-0.00934032
8.44,0.012079,-0.0154363,0.015462,-0.0100175
8.445,0.0123489,-0.0157811,0.0155056,-0.0106848
8.45,0.0126237,-0.0161324,0.0155515,-0.0113417
8.455,0.0129037,-0.0164902,0.0156006,-0.0119881
8.46,0.0131889,-0.0168547,0.0156536,-0.0126244
8.465,0.0134794,-0.0172259,0.0157108,-0.0132511
8.47,0.0137754,-0.0176041,0.0157723,-0.0138691
8.475,0.0140768,-0.0179893,0.0158382,-0.0144795
8.48,0.0143838,-0.0183816,0.0159085,-0.0150835
8.485,0.0146965,-0.0187813,0.0159829,-0.0156825
8.49,0.0150151,-0.0191884,0.0160613,-0.0162781
8.495,0.0153396,-0.019603,0.0161436,-0.0168718
8.5,0.0156701,-0.0200254,0.0162297,-0.0174652
8.505,0.0160067,-0.0204556,0.0163194,-0.0180597
8.51,0.0163497,-0.0208939,0.0164128,-0.0186569
8.515,0.016699,-0.0213403,0.0165097,-0.0192581
8.52,0.0170548,-0.021795,0.0166102,-0.0198647
8.525,0.0174172,-0.0222581,0.0167145,-0.0204778
8.53,0.0177863,-0.0227299,0.0168226,-0.0210984
8.535,0.0181624,-0.0232104,0.0169349,-0.0217275
8.54,0.0185454,-0.0236999,0.0170514,-0.0223659
8.545,0.0189356,-0.0241985,0.0171727,-0.0230141
8.55,0.019333,-0.0247064,0.0172989,-0.0236727
8.555,0.0197378,-0.0252237,0.0174304,-0.024342
8.56,0.0201501,-0.0257506,0.0175677,-0.0250223
8.565,0.0205701,-0.0262874,0.0177112,-0.0257136
8.57,0.0209979,-0.0268341,0.0178613,-0.0264158
8.575,0.0214337,-0.027391,0.0180184,-0.0271287
8.58,0.0218776,-0.0279583,0.018183,-0.0278521
8.585,0.0223297,-0.0285361,0.0183557,-0.0285855
8.59,0.0227903,-0.0291246,0.0185368,-0.0293284
8.595,0.0232594,-0.0297241,0.0187269,-0.0300801
8.6,0.0237373,-0.0303348,0.0189264,-0.0308399
8.605,0.024224,-0.0309568,0.0191357,-0.0316072
8.61,0.0247198,-0.0315904,0.0193555,-0.0323811
8.615,0.0252248,-0.0322358,0.0195861,-0.0331608
8.62,0.0257392,-0.0328932,0.019828,-0.0339454
8.625,0.0262632,-0.0335628,0.0200815,-0.0347341
8.63,0.0267969,-0.0342449,0.0203473,-0.0355263
8.635,0.0273406,-0.0349397,0.0206255,-0.036321
8.64,0.0278944,-0.0356473,0.0209168,-0.0371177
8.645,0.0284584,-0.0363682,0.0212213,-0.0379157
8.65,0.029033,-0.0371025,0.0215396,-0.0387146
8.655,0.0296183,-0.0378504,0.0218721,-0.0395139
8.66,0.0302144,-0.0386122,0.022219,-0.0403134
8.665,0.0308217,-0.0393882,0.0225809,-0.0411128
8.67,0.0314402,-0.0401787,0.0229581,-0.041912
8.675,0.0320702,-0.0409838,0.023351,-0.0427111
8.68,0.032712,-0.041804,0.02376,-0.0435102
8.685,0.0333657,-0.0426393,0.0241855,-0.0443096
8.69,0.0340315,-0.0434903,0.0246281,-0.0451096
8.695,0.0347098,-0.044357,0.025088,-0.0459108
8.7,0.0354006,-0.0452399,0.0255659,-0.0467135
8.705,0.0361044,-0.0461392,0.0260621,-0.0475184
8.71,0.0368212,-0.0470552,0.0265772,-0.0483261
8.715,0.0375513,-0.0479883,0.0271118,-0.0491375
8.72,0.038295,-0.0489388,0.0276662,-0.0499532
8.725,0.0390526,-0.0499069,0.028241,-0.0507739
8.73,0.0398242,-0.050893,0.0288368,-0.0516006
8.735,0.0406103,-0.0518975,0.029454,-0.0524341
8.74,0.0414109,-0.0529206,0.0300932,-0.053275
8.745,0.0422264,-0.0539628,0.030755,-0.0541244
8.75,0.0430571,-0.0550244,0.0314396,-0.0549829
8.755,0.0439033,-0.0561057,0.0321478,-0.0558513
8.76,0.0447652,-0.0572072,0.0328797,-0.0567304
8.765,0.0456431,-0.0583291,0.0336358,-0.0576212
8.77,0.0465373,-0.0594719,0.0344158,-0.0585247
8.775,0.0474482,-0.060636,0.0352198,-0.0594419
8.78,0.0483761,-0.0618217,0.0360479,-0.0603739
8.785,0.0493212,-0.0630295,0.0369003,-0.0613215
8.79,0.0502838,-0.0642597,0.037777,-0.0622857
8.795,0.0512644,-0.0655129,0.0386781,-0.0632674
8.8,0.0522633,-0.0667893,0.0396038,-0.0642673
8.805,0.0532807,-0.0680895,0.0404049,-0.0652709
8.81,0.054317,-0.0694139,0.0416783,-0.0660296
8.815,0.0553727,-0.0707629,0.0453444,-0.0657979
8.82,0.0564479,-0.072137,0.0506179,-0.0654569
8.825,0.0575432,-0.0735367,0.0548043,-0.0653408
8.83,0.0586588,-0.0749624,0.0570539,-0.0652649
8.835,0.0597952,-0.0764147,0.0576085,-0.0652676
8.84,0.0609527,-0.0778939,0.0574851,-0.065625
8.845,0.0621318,-0.0794007,0.0576061,-0.0662688
8.85,0.0633328,-0.0809355,0.0578648,-0.0668529
8.855,0.0645561,-0.0824989,0.0576881,-0.06743
8.86,0.0658023,-0.0840913,0.0550115,-0.0674278
8.865,0.0670715,-0.0857134,0.0538981,-0.0663888
8.87,0.0683644,-0.0873656,0.0527023,-0.0658767
8.875,0.0696814,-0.0890486,0.0510206,-0.065523
8.88,0.0710228,-0.0907629,0.0490585,-0.065329
8.885,0.0723892,-0.0925091,0.0469829,-0.0653015
8.89,0.0737811,-0.0942878,0.0449376,-0.0654352
8.895,0.0751988,-0.0960995,0.043046,-0.0657397
8.9,0.0766429,-0.097945,0.0414011,-0.0662476
8.905,0.0781138,-0.0998248,0.0400494,-0.0669866
8.91,0.0796121,-0.10174,0.0392368,-0.0681047
8.915,0.0811383,-0.10369,0.0401841,-0.0695946
8.92,0.0826929,-0.105677,0.0421923,-0.070905
8.925,0.0842764,-0.1077,0.0448077,-0.072125
8.93,0.0858894,-0.109761,0.0478202,-0.0733258
8.935,0.0875323,-0.111861,0.0511429,-0.0745446
8.94,0.0892059,-0.114,0.054686,-0.0758418
8.945,0.0909105,-0.116178,0.0583327,-0.0772673
8.95,0.0926469,-0.118397,0.061897,-0.0789227
8.955,0.0944156,-0.120657,0.0652789,-0.0805763
8.96,0.0962172,-0.12296,0.0686832,-0.0823935
8.965,0.0980523,-0.125305,0.0720263,-0.0845785
8.97,0.0999215,-0.127694,0.0752621,-0.0872125
8.975,0.101826,-0.130127,0.0782942,-0.0903342
8.98,0.103765,-0.132605,0.0811205,-0.0938366
8.985,0.10574,-0.13513,0.0834123,-0.0978746
8.99,0.107753,-0.137702,0.0852623,-0.101502
8.995,0.109802,-0.140321,0.0868231,-0.105279
9,0.11189,-0.142989,0.0880823,-0.108921
9.005,-0.085983,0.109881,-0.104648,0.137465
9.01,-0.0838168,0.107113,-0.0933633,0.125606
9.015,-0.0816103,0.104293,-0.0917228,0.123508
9.02,-0.0793627,0.101421,-0.0900673,0.121329
9.025,-0.0770733,0.0984951,-0.0884098,0.119028
9.03,-0.0747413,0.0955149,-0.0866908,0.116627
9.035,-0.0723659,0.0924793,-0.0848871,0.114135
9.04,-0.0699464,0.0893873,-0.0829927,0.111563
9.045,-0.0674818,0.0862377,-0.08101,0.108917
9.05,-0.0649714,0.0830296,-0.078945,0.106204
9.055,-0.0624143,0.0797617,-0.0768051,0.103425
9.06,-0.0598096,0.0764331,-0.0745976,0.100583
9.065,-0.0571565,0.0730425,-0.0723292,0.0976765
9.07,-0.054454,0.0695889,-0.0700051,0.0947063
9.075,-0.0517012,0.066071,-0.06763,0.0916717
9.08,-0.0488972,0.0624877,-0.0652069,0.0885721
9.085,-0.046041,0.0588377,-0.0627376,0.0854068
9.09,-0.0431318,0.0551198,-0.0602227,0.0821751
9.095,-0.0401684,0.0513327,-0.0576621,0.0788762
9.1,-0.0371498,0.0474752,-0.0550543,0.0755093
9.105,-0.0340751,0.043546,-0.0523967,0.0720737
9.11,-0.0309432,0.0395436,-0.0496863,0.0685686
9.115,-0.0277531,0.0354668,-0.0469198,0.0649936
9.12,-0.0245036,0.0313141,-0.0440937,0.061348
9.125,-0.0211936,0.0270842,-0.0412044,0.0576311
9.13,-0.0178221,0.0227756,-0.0382484,0.0538426
9.135,-0.0143879,0.0183868,-0.0352233,0.0499816
9.14,-0.0108897,0.0139164,-0.0321265,0.0460476
9.145,-0.00732652,0.00936285,-0.0289567,0.0420397
9.15,-0.00369702,0.00472457,-0.0257128,0.037957
9.155,-2.55351e-15,3.27516e-15,-0.0223947,0.0337984
9.16,-2.55294e-15,4.31605e-05,-0.00732828,0.0337945
9.165,-2.55235e-15,8.7124e-05,-0.00876549,0.029298
9.17,-2.55175e-15,0.000131905,-0.028586,0.0336689
9.175,-2.55114e-15,0.00017752,-0.0342896,0.0327433
9.18,-2.55052e-15,0.000223983,-0.038657,0.0326087
9.185,-2.54989e-15,0.00027131,-0.0414164,0.0327182
9.19,-2.54925e-15,0.000319518,-0.0413035,0.0335486
9.195,-2.54859e-15,0.000368622,-0.035926,0.036349
9.2,-2.54792e-15,0.00041864,-0.02886,0.0382529
9.205,-2.54724e-15,0.000469589,-0.0211728,0.0389342
9.21,-2.54655e-15,0.000521485,-0.0134637,0.0385088
9.215,-2.54584e-15,0.000574347,-0.00618295,0.0372701
9.22,-2.54512e-15,0.000628193,0.000354297,0.035619
9.225,-2.54439e-15,0.00068304,0.00593365,0.0339736
9.23,-2.54364e-15,0.000738907,0.0104203,0.0326868
9.235,-2.54288e-15,0.000795813,0.0137853,0.0319826
9.24,-2.54211e-15,0.000853779,0.016036,0.0319782
9.245,-2.54132e-15,0.000912822,0.0172555,0.0326276
9.25,-2.54052e-15,0.000972964,0.0176097,0.0337785
9.255,-2.5397e-15,0.00103422,0.0170753,0.0349567
9.26,-2.53887e-15,0.00109663,0.0143018,0.0329766
9.265,-2.53802e-15,0.00116019,0.0122678,0.0296222
9.27,-2.53715e-15,0.00122493,0.0114684,0.0253055
9.275,-2.53627e-15,0.00129088,0.0116145,0.0197327
9.28,-2.53538e-15,0.00135805,0.0122582,0.013995
9.285,-2.53446e-15,0.00142648,0.0128721,0.00823622
9.29,-2.53353e-15,0.00149618,0.0130641,0.00257607
9.295,-2.53258e-15,0.00156717,0.0126386,-0.00283822
9.3,-2.53162e-15,0.00163949,0.0116071,-0.00784019
9.305,-2.53063e-15,0.00171315,0.010118,-0.0123061
9.31,-2.52963e-15,0.00178818,0.0083693,-0.0161676
9.315,-2.52861e-15,0.0018646,0.00655361,-0.0194005
9.32,-2.52757e-15,0.00194245,0.00483105,-0.0220117
9.325,-2.52651e-15,0.00202175,0.00332031,-0.0240272
9.33,-2.52543e-15,0.00210252,0.00209898,-0.0254842
9.335,-2.52433e-15,0.00218479,0.00120811,-0.0264254
9.34,-2.52321e-15,0.0022686,0.000657799,-0.0268956
9.345,-2.52207e-15,0.00235396,0.000432374,-0.02694
9.35,-2.52091e-15,0.00244091,0.000495048,-0.0266053
9.355,-2.51973e-15,0.00252948,0.000788285,-0.0259439
9.36,-2.51853e-15,0.0026197,0.00123924,-0.0250085
9.365,-2.5173e-15,0.0027116,0.00177576,-0.0238449
9.37,-2.51605e-15,0.0028052,0.00233939,-0.0224905
9.375,-2.51477e-15,0.00290055,0.00288195,-0.0209806
9.38,-2.51348e-15,0.00299767,0.00336569,-0.0193529
9.385,-2.51216e-15,0.00309659,0.00376492,-0.0176479
9.39,-2.51081e-15,0.00319736,0.0040662,-0.0159087
9.395,-2.50944e-15,0.0033,0.00426729,-0.014179
9.4,-2.50804e-15,0.00340455,0.00437496,-0.0125005
9.405,-2.50662e-15,0.00351105,0.00440207,-0.0109107
9.41,-2.50517e-15,0.00361953,0.0043646,-0.00944095
9.415,-2.5037e-15,0.00373002,0.00427913,-0.00811523
9.42,-2.50219e-15,0.00384257,0.00416074,-0.00694982
9.425,-2.50066e-15,0.00395722,0.00402189,-0.00595348
9.43,-2.4991e-15,0.004074,0.00387192,-0.00512817
9.435,-2.49751e-15,0.00419295,0.00371773,-0.00447023
9.44,-2.4959e-15,0.00431411,0.00356439,-0.00397161
9.445,-2.49425e-15,0.00443753,0.00341558,-0.00362063
9.45,-2.49257e-15,0.00456324,0.0032742,-0.00340283
9.455,-2.49086e-15,0.00469129,0.0031429,-0.00330176
9.46,-2.48912e-15,0.00482172,0.00302431,-0.00329953
9.465,-2.48734e-15,0.00495458,0.00292121,-0.00337747
9.47,-2.48553e-15,0.00508992,0.00283539,-0.00351726
9.475,-2.48369e-15,0.00522777,0.00276691,-0.00370187
9.48,-2.48182e-15,0.00536818,0.00271576,-0.00391497
9.485,-2.47991e-15,0.00551121,0.00268179,-0.00414094
9.49,-2.47796e-15,0.00565689,0.00266439,-0.00436494
9.495,-2.47598e-15,0.00580529,0.00266244,-0.00457303
9.5,-2.47396e-15,0.00595645,0.00267415,-0.00475293
9.505,-2.4719e-15,0.00611042,0.00269692,-0.00489427
9.51,-2.46981e-15,0.00626725,0.00272745,-0.00498855
9.515,-2.46768e-15,0.006427,0.00276206,-0.00502919
9.52,-2.4655e-15,0.00658973,0.00279686,-0.00501143
9.525,-2.46329e-15,0.00675548,0.00282813,-0.00493226
9.53,-2.46103e-15,0.00692431,0.00285256,-0.00479028
9.535,-2.45874e-15,0.00709629,0.00286739,-0.00458559
9.54,-2.4564e-15,0.00727146,0.00287046,-0.00431957
9.545,-2.45401e-15,0.0074499,0.00286024,-0.0039947
9.55,-2.45159e-15,0.00763165,0.00283593,-0.00361438
9.555,-2.44911e-15,0.00781678,0.00279727,-0.00318278
9.56,-2.4466e-15,0.00800536,0.00274453,-0.00270457
9.565,-2.44403e-15,0.00819745,0.00267846,-0.00218484
9.57,-2.44142e-15,0.00839311,0.0026001,-0.00162889
9.575,-2.43876e-15,0.00859241,0.00251082,-0.00104211
9.58,-2.43604e-15,0.00879541,0.00241213,-0.000429861
9.585,-2.43328e-15,0.0090022,0.00230563,0.000202644
9.59,-2.43047e-15,0.00921283,0.00219297,0.000850422
9.595,-2.4276e-15,0.00942738,0.00207578,0.00150881
9.6,-2.42469e-15,0.00964592,0.00195563,0.0021735
9.605,-2.42171e-15,0.00986852,0.0018339,0.0028406
9.61,-2.41868e-15,0.0100953,0.00171185,0.00350667
9.615,-2.4156e-15,0.0103262,0.00159058,0.00416875
9.62,-2.41246e-15,0.0105615,0.001471,0.00482437
9.625,-2.40926e-15,0.0108011,0.00135385,0.0054716
9.63,-2.406e-15,0.0110452,0.00123983,0.006109
9.635,-2.40268e-15,0.0112939,0.00112967,0.00673557
9.64,-2.39929e-15,0.0115471,0.00102403,0.00735067
9.645,-2.39585e-15,0.0118051,0.000923419,0.00795406
9.65,-2.39234e-15,0.0120679,0.00082816,0.00854585
9.655,-2.38876e-15,0.0123355,0.000738414,0.00912645
9.66,-2.38512e-15,0.0126082,0.00065414,0.00969652
9.665,-2.38141e-15,0.0128859,0.000575125,0.010257
9.67,-2.37764e-15,0.0131688,0.000500933,0.0108088
9.675,-2.37379e-15,0.0134569,0.000430976,0.0113531
9.68,-2.36987e-15,0.0137504,0.000364555,0.0118911
9.685,-2.36587e-15,0.0140494,0.000300912,0.0124242
9.69,-2.36181e-15,0.0143539,0.000239297,0.0129538
9.695,-2.35766e-15,0.0146641,0.00017895,0.013481
9.7,-2.35344e-15,0.0149801,0.000119174,0.0140072
9.705,-2.34915e-15,0.0153019,5.9347e-05,0.0145337
9.71,-2.34477e-15,0.0156297,-1.0818e-06,0.0150616
9.715,-2.34031e-15,0.0159636,-6.25335e-05,0.0155919
9.72,-2.33577e-15,0.0163038,-0.000125385,0.0161256
9.725,-2.33114e-15,0.0166502,-0.00018987,0.0166636
9.73,-2.32642e-15,0.0170032,-0.00025611,0.0172064
9.735,-2.32162e-15,0.0173626,-0.000324163,0.0177545
9.74,-2.31673e-15,0.0177288,-0.00039399,0.0183085
9.745,-2.31175e-15,0.0181018,-0.000465458,0.0188685
9.75,-2.30668e-15,0.0184817,-0.000538352,0.0194346
9.755,-2.30151e-15,0.0188687,-0.000612382,0.0200068
9.76,-2.29625e-15,0.0192628,-0.000687232,0.020585
9.765,-2.29088e-15,0.0196643,-0.000762467,0.0211687
9.77,-2.28542e-15,0.0200733,-0.00083763,0.0217577
9.775,-2.27986e-15,0.0204899,-0.00091226,0.0223513
9.78,-2.27419e-15,0.0209143,-0.000985599,0.0229493
9.785,-2.26842e-15,0.0213465,-0.00105668,0.0235511
9.79,-2.26254e-15,0.0217868,-0.00112472,0.0241566
9.795,-2.25655e-15,0.0222352,-0.00118911,0.0247653
9.8,-2.25045e-15,0.022692,-0.00124932,0.0253766
9.805,-2.24423e-15,0.0231573,-0.001305,0.0259901
9.81,-2.2379e-15,0.0236313,-0.00135593,0.0266051
9.815,-2.23145e-15,0.0241141,-0.00140196,0.027221
9.82,-2.22489e-15,0.0246058,-0.00144304,0.027837
9.825,-2.2182e-15,0.0251068,-0.00147931,0.0284523
9.83,-2.21138e-15,0.025617,-0.001511,0.0290663
9.835,-2.20444e-15,0.0261367,-0.00153841,0.0296783
9.84,-2.19737e-15,0.0266661,-0.00156193,0.0302875
9.845,-2.19017e-15,0.0272053,-0.00158201,0.0308934
9.85,-2.18283e-15,0.0277546,-0.00159919,0.0314954
9.855,-2.17536e-15,0.0283141,-0.00161399,0.032093
9.86,-2.16775e-15,0.028884,-0.00162692,0.0326859
9.865,-2.16e-15,0.0294645,-0.00163849,0.0332739
9.87,-2.1521e-15,0.0300558,-0.00164916,0.0338567
9.875,-2.14405e-15,0.0306581,-0.00165934,0.0344344
9.88,-2.13586e-15,0.0312716,-0.00166932,0.0350071
9.885,-2.12751e-15,0.0318965,-0.00167938,0.0355749
9.89,-2.11901e-15,0.032533,-0.00168967,0.0361383
9.895,-2.11035e-15,0.0331814,-0.00170031,0.0366975
9.9,-2.10153e-15,0.0338418,-0.00171129,0.0372533
9.905,-2.09255e-15,0.0345146,-0.00172255,0.0378062
9.91,-2.0834e-15,0.0351998,-0.00173399,0.0383569
9.915,-2.07407e-15,0.0358978,-0.00174536,0.0389061
9.92,-2.06458e-15,0.0366088,-0.00175649,0.0394548
9.925,-2.05491e-15,0.037333,-0.00176711,0.0400038
9.93,-2.04505e-15,0.0380707,-0.00177695,0.0405539
9.935,-2.03502e-15,0.038822,-0.00178584,0.0411063
9.94,-2.0248e-15,0.0395874,-0.00179373,0.0416619
9.945,-2.01438e-15,0.040367,-0.00180059,0.0422221
9.95,-2.00378e-15,0.0411612,-0.00180632,0.0427878
9.955,-1.99298e-15,0.04197,-0.00181082,0.0433602
9.96,-1.98197e-15,0.042794,-0.00181395,0.0439404
9.965,-1.97076e-15,0.0436333,-0.00181559,0.0445293
9.97,-1.95934e-15,0.0444881,-0.00181566,0.0451279
9.975,-1.94771e-15,0.0453589,-0.00181408,0.045737
9.98,-1.93587e-15,0.0462459,-0.00181078,0.0463575
9.985,-1.9238e-15,0.0471494,-0.00180574,0.0469901
9.99,-1.91151e-15,0.0480697,-0.00179894,0.0476355
9.995,-1.89899e-15,0.0490071,-0.00179033,0.0482943
10,-1.88624e-15,0.0499619,-0.00193103,0.0489764
10.005,-1.87325e-15,0.0509346,-0.00180424,0.0494061
10.01,-1.86002e-15,0.0519253,-0.000545579,0.049311
10.015,-1.84654e-15,0.0529344,0.00178257,0.0490349
10.02,-1.83281e-15,0.0539623,0.00399964,0.0488181
10.025,-1.81883e-15,0.0550094,0.00548581,0.0486654
10.03,-1.80458e-15,0.0560759,0.00605661,0.0485715
10.035,-1.79007e-15,0.0571622,0.00574954,0.0485463
10.04,-1.77529e-15,0.0582688,0.00470736,0.0486095
10.045,-1.76024e-15,0.0593959,0.00313908,0.0487688
10.05,-1.74491e-15,0.060544,0.00130474,0.0490045
10.055,-1.72929e-15,0.0617135,-0.000538046,0.0492857
10.06,-1.71338e-15,0.0629048,-0.00307735,0.0486
10.065,-1.69717e-15,0.0641181,-0.00478662,0.0481849
10.07,-1.68067e-15,0.0653541,-0.00573165,0.0483464
10.075,-1.66385e-15,0.0666131,-0.00605368,0.0484813
10.08,-1.64672e-15,0.0678955,-0.00565575,0.0484839
10.085,-1.62928e-15,0.0692017,-0.00461969,0.0483199
10.09,-1.61151e-15,0.0705322,-0.00311587,0.0479894
10.095,-1.59341e-15,0.0718875,-0.00133592,0.0475211
10.1,-1.57497e-15,0.073268,0.000543502,0.0469615
10.105,-1.55619e-15,0.0746742,0.00237765,0.0463657
10.11,-1.53706e-15,0.0761065,0.00405971,0.0457912
10.115,-1.51757e-15,0.0775655,0.00551919,0.0452931
10.12,-1.49773e-15,0.0790517,0.00673542,0.0449195
10.125,-1.47751e-15,0.0805654,0.00771093,0.0447023
10.13,-1.45691e-15,0.0821074,0.00849539,0.0446693
10.135,-1.43594e-15,0.083678,0.00915921,0.0448508
10.14,-1.41457e-15,0.0852778,0.00972728,0.0452754
10.145,-1.39281e-15,0.0869074,0.010182,0.0460007
10.15,-1.37064e-15,0.0885674,0.0104798,0.0471052
10.155,-1.34806e-15,0.0902582,0.0105703,0.0486751
10.16,-1.32505e-15,0.0919804,0.0103828,0.0508156
10.165,-1.30162e-15,0.0937347,0.00995813,0.0535419
10.17,-1.27776e-15,0.0955216,0.00936151,0.0567715
10.175,-1.25345e-15,0.0973418,0.0086086,0.0603631
10.18,-1.22869e-15,0.0991959,0.00782325,0.0641461
10.185,-1.20346e-15,0.101084,0.00699458,0.0679875
10.19,-1.17777e-15,0.103008,0.00612109,0.0717701
10.195,-1.1516e-15,0.104967,0.00521311,0.0753939
10.2,-1.12495e-15,0.106963,0.00429916,0.0787844
10.205,-1.09779e-15,0.108996,0.0033168,0.0819509
10.21,-6.11432e-05,0.10625,0.00232105,0.084693
